10000 10000
2801 555
4220 9209
9848 3748
7772 6120
2385 2826
9291 9532
6441 8481
9072 5154
7437 619
5571 9105
6572 2308
4870 5735
8105 7756
3849 3957
6538 3879
1519 9601
3854 1772
9275 6466
3345 9509
297 8100
4757 420
9062 4246
6502 9049
4639 6420
181 8908
8646 5415
995 1789
3003 1183
3921 9318
9799 3437
3176 2812
8849 9116
8709 1676
3972 4791
1947 3502
7427 3771
4305 8307
7053 5896
755 5385
4479 2808
8966 3999
7204 5207
2518 2847
7568 4740
8910 8020
1306 49
7620 5693
6965 7066
8624 5488
8314 3864
9110 9457
6516 5032
4476 7159
7015 5472
1084 4609
2472 8339
8703 2059
7442 5759
2317 7274
7225 9730
6694 5760
2460 317
8039 3406
4861 2905
3154 6191
4099 2885
6482 8944
8998 4020
3785 1226
1387 9771
6093 188
9118 8419
1611 2940
8752 4072
4019 9912
82 7339
3640 2207
7575 6536
7537 5530
6280 7529
5310 9045
7035 8940
3198 865
4001 3201
5666 7999
6780 1141
576 1450
2874 708
4437 6688
7546 2778
7879 3187
8760 2027
9096 3235
5087 2550
9031 4655
727 9386
7196 4977
4676 237
9530 9499
4263 2449
5082 2682
7520 1333
5247 8362
9803 4949
8621 1335
3287 6327
838 189
1231 1341
6339 418
9689 5636
6796 3092
8899 8747
7761 4443
6298 5382
761 1106
3324 8865
9032 472
1545 5894
2448 3263
9287 6048
6861 3046
1546 1659
1729 889
2491 4597
3997 4346
1317 3017
9206 7361
567 689
6697 2227
6640 1460
4181 5034
2994 8634
8286 4622
7676 9789
1084 4591
3049 2627
1760 368
7980 1973
4075 2217
1883 1789
3481 3534
7040 6253
9514 5514
483 9937
9471 4792
3207 5662
8191 4817
4872 8365
5640 5133
6260 846
2410 7391
9018 7013
6002 9234
1059 5646
5147 7779
7241 6020
3680 4848
7284 2670
3991 1652
1729 7042
9517 3527
3069 4086
5923 955
9713 6709
7546 9158
7537 7644
7101 4490
7534 6455
5751 3653
3533 2907
912 2997
8825 1368
5752 2694
5115 8700
4003 3668
4519 7394
5372 3018
487 4766
225 3067
5962 4631
6213 2300
7020 76
8953 9099
5767 8408
4160 7090
4888 5622
9455 4260
9361 364
8489 2188
311 7210
1987 1109
6821 1267
7747 7015
7710 3170
5102 1141
6050 9252
1064 534
6771 5083
685 3981
6856 5580
1999 1432
5963 6354
9635 1147
2004 9656
195 2968
3938 8040
9864 5248
36 331
1305 6283
1869 9809
8500 1314
2636 1717
1959 9890
7447 6378
5968 5606
8798 9265
8201 625
7913 5612
6878 6868
1177 1564
9835 6298
8301 6673
8787 9589
3523 7008
7578 8288
9946 7829
3576 262
3668 2701
9752 1315
144 845
5232 5655
1457 704
745 7577
3404 5975
4046 9910
5765 9753
3695 730
6867 9764
914 8181
9492 45
9675 2838
8066 1225
8505 9485
3733 2983
6062 4233
6693 3040
9843 1121
2697 96
9079 8563
5164 9052
3387 1266
7600 4823
5212 9688
3769 4901
9965 4011
3193 7386
6822 8368
9285 3908
7024 3306
5065 320
4687 9289
2046 2822
6195 8528
2294 1963
6087 6079
6068 4439
8233 7654
7683 6987
8228 9549
8379 3703
8417 9993
2999 8387
5023 2875
5740 1920
2966 9063
8101 5766
1654 8241
7290 8802
4348 6785
6543 9444
4139 6086
2128 3889
7701 6325
1126 3135
7656 3677
9180 7187
1518 6269
6629 8772
5 2250
5824 4293
2022 3325
6102 5967
6345 4734
8182 3320
7215 1693
2498 9098
1022 5262
8890 8837
4068 9876
9559 6206
484 551
9135 3394
4935 8952
428 6363
3986 4251
3560 4626
9358 591
788 7097
9162 7888
6598 235
8609 4501
9895 4478
3493 9865
4548 6679
9171 7501
4918 6541
6812 3864
9925 2853
9150 1549
1414 8817
5308 7438
911 7282
2182 3892
5575 5217
9227 5689
9766 6265
2491 8152
486 1390
9300 6202
7463 1953
796 4200
798 8175
8670 2640
3344 8014
6772 6316
6389 4224
959 1137
9883 4655
4349 1690
1320 3318
5958 9731
1977 6986
1484 9735
4612 9744
7849 8343
8325 6069
9323 4954
2785 9850
6205 2044
99 3778
1742 9126
105 7107
6825 9630
1544 4499
3360 587
3300 5528
7606 7203
1575 4481
8327 7080
7936 3730
2809 3891
8505 183
695 385
6392 4337
7480 3924
731 1664
7230 2282
4201 390
1408 7869
9876 4850
6526 9954
7247 8308
7796 2551
280 9649
6170 935
1922 5882
5020 3752
7193 2103
5512 2528
4766 553
5926 2865
4492 6350
9050 8423
2510 2959
4112 6225
3217 4067
3653 752
1595 6847
2113 6025
1905 3361
7288 7457
4841 1287
7713 1003
3756 317
7976 9913
7742 8477
5710 5483
2835 4231
4578 5120
6029 1906
9898 3735
6020 8947
7637 2715
6404 9980
3954 8402
5122 5889
7550 7225
4491 3277
7284 4789
1120 5393
7563 3984
533 5019
499 2726
2000 2311
6482 743
495 4742
9689 670
6077 8120
5668 2189
9391 1226
4391 2231
7197 8534
5800 4306
6640 4822
8791 9927
3377 8845
7695 3020
1376 8569
9817 2883
9727 6961
430 6068
5918 2362
6774 4699
6758 6968
5557 1378
3489 2738
8792 763
7894 3707
2707 8544
6911 1155
9993 3389
2369 5359
3682 6345
1256 8726
849 7730
5988 1280
9310 4976
8852 3869
4548 4966
9670 3650
6160 9834
3725 715
7306 5590
5285 3860
8324 6051
1765 9089
4663 967
8145 5156
2881 7619
8910 8343
4935 7190
1969 8059
3701 7191
928 4944
7018 3273
3653 613
602 4997
3185 2593
8473 7265
3108 5781
8116 448
7393 9942
2444 3515
5845 1978
8119 9335
1981 3308
9428 8387
8448 2806
3292 8488
5588 4594
2495 3432
9784 6462
3281 3914
4467 3402
2125 5070
8302 861
2865 8731
6057 8350
8377 1101
9687 4733
5484 1670
462 2605
6163 5919
902 325
5247 6194
2984 3849
4211 5684
5608 3075
3403 8821
2022 1511
8630 9991
7459 4903
5023 5468
1305 7632
8989 5266
5023 9580
8660 1701
3457 9307
5186 4313
9150 8610
6816 3338
1235 5974
2481 3639
7809 2243
1902 8898
3565 7285
524 4493
5367 1156
4509 3489
5494 3147
6370 5819
9835 8646
3382 4707
5605 9980
6039 406
745 1073
2663 4788
4137 1580
7327 3240
7854 9754
6300 9171
7508 6454
9002 7657
1400 4163
6588 9438
9288 2280
803 7681
8161 7290
8417 1018
7259 1138
9101 2045
7700 7197
9617 8112
7547 7172
5627 4084
6925 534
7929 6529
5948 8719
4785 2512
2673 465
3047 3710
3188 4717
5098 2976
9620 7681
3006 4324
2003 3378
2607 4033
2657 490
5454 5124
7599 4153
4443 1556
5745 1221
3717 3462
606 8063
7750 5574
568 8924
3352 9494
1269 9570
9404 7130
8724 4397
3795 3154
9294 3950
2487 6802
2085 6304
7542 2004
8712 719
2582 365
1185 7658
3521 9914
9684 6852
9971 9104
3325 2590
9499 4671
4149 4780
4200 7338
5866 3706
2761 4586
3618 1705
719 5310
3927 6599
8047 268
7999 4965
1812 9535
6312 6015
7958 1140
7409 5451
3174 145
5000 7880
1340 2974
2261 4828
4575 4064
3312 3247
1883 9241
8713 4514
286 6395
1761 3206
9208 9772
4676 3124
2047 3513
658 6690
6085 6985
1723 2890
300 3375
8680 5308
6960 7479
8384 2368
3700 3374
5976 6562
7360 913
8938 3114
4936 4018
2396 301
589 9655
8324 1226
4894 110
7297 456
9383 1399
113 8103
9801 1096
9255 5893
3971 5467
8131 3147
4889 6071
6437 8157
1824 1200
3309 7689
6520 6548
5574 955
4758 2832
8579 7290
5411 3684
1417 4536
865 8680
586 8821
6042 9286
9139 4192
7230 4674
6047 8511
7643 1453
7035 9647
1438 3113
9120 8681
2943 606
5131 5005
8155 89
7472 8798
7198 5576
1400 2040
955 6671
8749 5150
9953 1358
7599 3280
2856 4043
9294 3321
5940 628
7491 4422
9236 3843
1925 8489
3084 1669
2854 1406
7345 8025
3612 8221
9302 4060
2932 2258
5351 1209
6577 7018
1188 1981
3717 7025
1388 717
441 1753
4087 5249
7717 3108
5142 3483
548 2639
9369 3534
9144 5114
5587 3687
832 9854
6372 1824
438 2747
5221 9275
3531 9817
6030 3177
6798 2206
9283 4032
8249 3189
8343 444
2270 6453
2416 3364
8236 1953
8920 9873
676 6046
9126 9203
7706 4118
6139 5912
7202 3998
4793 2581
7503 7302
4433 674
8572 8623
3649 2891
357 3452
2701 9875
5507 3436
6252 5622
6930 2383
2523 4792
8921 6130
1413 305
9588 8744
3677 3375
9349 9318
6904 4085
2558 8420
6326 7319
523 7964
4048 7361
3976 5868
1476 3074
734 4983
2173 3198
9945 4002
967 8105
4177 3061
2599 4411
4460 2563
6573 1980
4371 4983
8629 9132
2499 3201
8877 298
7298 9587
367 2122
7149 8400
6112 1767
7150 5623
2686 8565
153 990
4230 9498
290 2452
6914 6186
4417 8263
8999 3775
5854 3713
9946 4444
1651 1747
4544 5360
74 3763
826 5316
5306 9586
25 2021
8928 6856
4084 8909
1202 4086
8934 2750
2678 5112
1578 7329
4021 1601
5975 6465
148 4355
3827 8253
6959 5747
7162 6920
7872 5589
2908 8147
5713 962
8355 176
2702 3103
5147 8056
839 6592
685 4235
2041 3036
1374 4499
2287 39
7728 6010
5948 9929
4476 1553
7981 3718
7272 1425
122 4873
2403 289
739 8176
6833 5967
2393 2896
7386 3710
5795 7743
952 5266
4027 3301
1346 5017
8478 2195
1932 7141
8631 3827
2321 8007
1777 7821
9101 998
2233 6092
2483 1225
7087 2578
6161 9652
1090 1585
8822 427
413 8610
7145 2438
1042 1814
3884 8426
140 9231
9439 2179
4756 2087
8548 1625
4429 3708
9579 226
4062 2978
1587 9128
7607 3541
2485 4848
480 5499
2997 14
2174 355
2336 3124
5533 1787
9149 8522
6907 4732
9316 5481
4264 8624
2920 7492
2660 9776
7763 3170
8733 1997
1406 3305
6426 3306
1322 3503
3249 8310
183 5871
9060 4919
6506 6338
6403 8455
8906 4025
5085 1162
5206 5196
9788 2121
6361 4219
6213 1772
8066 6191
6826 3522
9954 396
4411 3936
8285 6427
949 5828
6272 4819
2789 6769
1441 7351
4935 199
1526 1476
1803 5251
6061 7691
6148 5930
4847 7780
5056 9138
434 9297
2198 4299
7682 6143
5667 1502
6900 5796
1283 7383
9617 7848
9392 6327
7885 3810
4440 5105
2783 7158
7859 5972
787 3119
2165 3145
6320 2736
5665 4776
9972 6648
4617 7294
966 1618
1189 1378
7814 3959
7268 4627
7099 1278
2998 830
5163 8827
8888 3130
8395 7623
8045 6314
244 4746
5293 7257
6736 3170
5745 6058
5756 4996
3494 814
7353 9081
1030 385
3807 5327
3971 3181
6632 2460
2533 7067
7279 3919
5624 6887
6846 433
4195 4261
6069 9349
3957 8422
1491 4992
6174 3574
7462 9629
1839 9784
7033 1530
773 7210
1274 6631
3832 9552
3481 2032
6615 5585
8202 7221
5084 8176
4231 3177
8035 8431
255 1854
2221 9489
6185 9628
1574 686
4396 9486
3007 5887
1260 534
4542 5187
3908 6588
9409 6337
3411 5925
2310 2052
3238 5247
2537 5498
2787 4536
6620 5263
8170 9006
7438 8076
1956 6759
9242 2591
513 7496
3039 6812
1291 533
971 7421
4993 7481
9129 7999
8056 9749
585 5827
7209 8677
1077 8573
3721 27
424 372
6035 9057
3208 6485
3281 981
387 727
2847 9065
4842 123
5868 7718
9185 7470
9855 2007
6445 8178
3044 4251
8965 8807
8710 4776
5964 2352
1646 4077
9039 3587
6085 8750
2177 4692
8015 6631
1580 4047
2096 7346
6199 8131
8715 4394
3294 5176
2459 2440
5596 693
5248 347
5392 7869
1443 3344
1314 680
3501 3060
3384 9144
8971 8149
8498 2930
5800 6645
3474 6773
2877 8894
9660 4328
2566 9204
5739 696
6913 9601
5324 3855
4422 4975
9420 1669
2945 7999
4396 2833
7376 2333
6970 7054
5191 6251
6380 4659
2997 2319
7024 1474
2747 121
322 1168
7654 7171
8672 2027
8374 6424
8383 7768
6515 2260
6404 9161
6882 1070
4965 1225
230 136
8645 5308
188 3432
360 645
9213 3046
857 7568
3397 9314
6556 3589
7940 5072
4369 2015
4886 888
2895 3593
2652 6641
6121 8867
4079 3724
2821 825
9662 2859
7822 6488
9122 7060
7954 2867
8894 8286
3949 3461
7276 7565
5865 1851
8690 4972
4684 5006
3653 7254
9754 141
8576 6648
6543 2121
7038 4367
7946 6685
406 4159
7876 6136
3918 3936
1044 3304
5228 2652
4445 9889
861 4123
4602 4327
9512 5803
2018 4273
3288 412
7904 7226
1705 4805
6581 5137
1931 5863
898 5504
9208 92
932 3624
6607 5676
424 9237
3969 355
7817 705
1707 544
5722 285
731 3314
2426 7210
9364 2108
5974 2451
1468 301
2445 6135
1876 7621
2608 4125
5337 1855
1997 1501
5162 6199
3231 144
4267 7140
4734 4803
5015 8582
6530 7133
5067 3896
5091 4441
629 1288
8854 2989
5153 500
483 9396
6537 4248
4003 2407
388 4636
6307 69
97 2593
4765 3527
5991 9102
9638 1906
2995 6794
8894 1419
8912 1103
5245 2801
4132 2273
5433 3541
7626 3581
6075 6635
6175 1499
16 190
8117 6050
2167 9208
6355 614
1904 1668
2210 502
5102 3776
6808 4907
3298 6931
8782 1459
1811 7020
2735 6647
5928 3332
137 6197
819 8316
5960 4068
2818 6351
3261 1007
3463 9644
9834 9245
3698 1458
57 7211
7095 7416
1597 797
1975 3400
4571 1446
5006 7611
9529 611
8680 784
2600 4466
7450 3442
2286 5900
8397 1094
9381 8839
1650 9242
7309 8843
8015 1392
3035 6018
2372 2821
8840 313
6990 3617
6866 1882
3464 8638
3871 7168
4753 355
9377 6070
4860 3345
3735 4227
5076 3237
3488 4224
7699 810
1727 3757
9748 1593
3505 7760
5213 2908
8564 5362
9428 944
9408 7023
7299 328
2934 978
9342 6413
1907 2041
9547 3996
9022 8019
5052 5151
5100 3780
776 9887
9079 3891
7031 4943
1067 2015
9077 7439
242 7575
1983 8889
548 2004
5003 486
1492 5454
2632 1985
2057 4871
43 4124
7612 7722
9805 8732
585 6193
1079 4740
2821 347
5549 6870
9719 6403
7274 5072
9408 2696
4910 2909
263 6778
1721 3872
2075 6062
1996 7317
3099 7138
8414 2519
1201 6282
2520 851
9635 8276
5020 4944
6173 3535
2817 9978
472 3180
1611 2979
1994 4713
6060 6866
1166 6797
7655 4218
1878 1387
807 6677
9935 2627
682 9626
6251 2735
5095 9813
8334 3619
2310 8048
9773 49
5714 1718
6934 5415
7237 5700
2670 2671
7330 9616
3914 1821
1958 2714
9108 7041
1891 6247
3905 6625
726 1680
1665 6856
4192 4018
7902 9397
915 4185
2696 5345
9695 1978
9036 772
121 3541
9152 8838
1504 5816
4764 6379
1334 1506
3931 548
85 9746
296 985
5912 3434
3619 3179
1530 3163
9805 2344
9152 6651
6558 7782
6164 8904
4239 5754
1920 7353
8132 2898
3894 4222
3367 1235
7948 6080
3787 6844
8636 1492
2071 4630
7750 4288
7541 8207
1074 634
946 2431
324 9531
6905 8163
8913 3692
9246 5669
2897 6784
9614 8807
3391 2068
5795 2913
7171 6382
3524 3628
8827 5551
5656 2228
5345 2227
9536 5405
2439 782
7959 4656
4513 2432
7427 6542
9699 6729
6138 3651
6408 892
6894 738
8554 5023
5492 2061
1244 1128
8515 1909
5157 8680
7681 5851
3989 3824
6665 9227
2313 5883
6102 4035
5866 5489
7636 3384
3566 9787
4479 3350
3029 1764
6252 5879
5949 8865
932 9168
6132 6976
9226 1635
7492 3132
4300 3432
4756 6238
629 9650
6401 9082
530 7118
7279 9740
7232 5847
5455 5729
841 2378
5686 2709
294 9809
3650 7525
2871 912
9798 6822
2439 2346
331 2474
8078 563
4914 9324
2392 499
1642 9347
913 9504
7042 92
956 3087
1959 1484
2018 7082
9739 1294
2457 363
6534 81
7079 5311
4033 7467
2919 8738
4587 8407
2908 4803
1565 1687
4064 9519
3900 709
6737 7163
9247 6742
4842 3243
3468 1807
5863 8377
7129 4584
5479 6548
3891 9326
6293 8888
3523 8089
9685 3531
7540 1228
9433 5449
9266 2664
3727 409
7948 4391
634 9960
6821 9126
8334 2903
8679 7768
3517 5625
8483 1837
6948 3550
536 7176
4277 2348
5090 2842
822 9051
689 5063
2548 3634
7756 6891
4 4444
1319 8494
429 8873
3880 4933
5652 263
2793 1277
8642 5276
3168 439
9341 3685
768 9452
1959 7946
6814 8425
8034 4584
3404 4062
6358 7462
7766 8009
7512 2318
1619 5808
2069 8657
8730 5825
5814 1475
9014 3198
6896 2135
3756 4186
6426 6897
6578 2770
3245 5765
3896 8328
5853 983
2468 5442
3357 3935
4764 5188
5927 2616
1379 7643
2460 232
2397 4897
8280 3336
3886 89
3923 1547
7726 9742
3294 7427
1492 181
8936 6837
1171 8686
1002 7614
1412 1699
8749 8024
8867 9766
2293 9727
8128 8539
3150 2593
2242 6122
7 3393
9409 6781
3895 8123
6398 5881
5975 7198
7826 7644
5475 9690
7148 5216
7039 5665
608 7696
7206 9841
9520 8108
1257 1299
6427 1913
8306 7448
1683 4207
872 6671
5503 4066
9501 3731
4364 5813
639 7018
7197 4092
6701 4804
3061 4396
8208 6043
2354 1346
6220 8596
6598 9705
6536 9896
8558 9929
9767 9705
6333 1630
1838 4513
8069 3103
6717 5082
3006 1014
2641 9525
1896 2641
6366 8231
3927 9814
570 6353
8641 5193
7770 1153
6676 9202
5752 6188
3526 6111
758 8726
939 7748
5243 2595
6548 9960
1385 8561
4080 8825
619 9468
7587 2731
854 2081
4718 1187
3083 1614
947 2369
798 3272
1947 1203
4003 4231
4351 9840
3173 2703
6814 4278
373 4658
156 9348
1904 851
7748 6835
6507 890
6016 7758
8323 7222
1048 3298
8815 2870
6650 5228
6253 9417
5559 7579
594 6590
1796 5350
3887 7990
694 8737
3703 7801
4635 3193
8098 8261
8173 4383
1704 7987
5765 4289
3123 4903
6284 1218
5040 4013
641 7453
8671 3995
3753 4141
3645 843
2492 1583
6384 8662
1467 5967
2083 3058
8308 2374
1652 8780
8605 929
9349 6436
5019 2561
7766 9596
9731 7086
7408 9043
3654 7056
5430 5364
7970 6490
162 8229
8105 6271
533 5250
6942 2273
6703 9885
1652 8990
6866 5719
8745 1986
8420 1737
762 9749
9309 2786
5296 293
8359 2761
4928 6316
2676 7678
877 148
3414 9457
4948 5065
8166 8391
4316 5457
3536 6058
4376 6180
5306 4221
184 3205
4125 1300
5262 8949
9421 6729
9393 6895
9836 2039
6469 928
6854 6582
4134 3014
6848 9930
1084 9278
749 6846
3860 4109
6121 8342
8871 8298
2085 6080
291 5977
7676 2284
2583 1098
1479 4977
65 8515
7174 3237
3837 3803
262 932
3038 3484
840 4487
7780 9264
9621 146
6326 5219
7234 2385
819 3692
6242 3600
8447 2188
5520 4581
6914 7427
8028 2626
1895 1474
9381 3505
1562 8969
5553 9080
8211 3867
8604 6556
4044 7545
1193 2586
6762 9139
6475 8168
1294 253
4456 6292
1598 9745
6678 2952
5113 9254
8467 6526
7647 1614
42 2691
8356 7170
4856 5994
2911 1309
8463 4985
1944 5611
4238 5921
4341 6296
4487 3281
1125 1461
9784 5383
8323 9171
9457 2189
1717 420
3427 8642
7053 1206
2611 9696
1597 1764
7766 4062
557 5274
2845 9096
4660 2857
4179 3724
5152 3423
4784 6266
8931 6943
5016 3521
4683 1007
6075 7791
1392 2591
6523 984
7494 4238
467 6055
8943 8152
4568 2407
7316 5231
3216 9781
2388 70
7807 512
1618 9175
9128 7982
1374 4923
9322 8360
8021 8756
596 2965
4819 2390
3170 9708
2506 4282
1491 3601
3164 2363
8771 4518
3788 4600
6698 792
7717 1704
1871 9848
6264 6309
4649 6445
5134 7410
5629 2586
7713 861
3286 6318
7640 4934
7747 6068
4811 4766
3497 1545
7380 7420
3434 4521
2425 3771
2809 836
5116 4982
3220 885
7438 9453
7406 5527
9342 8643
5027 9113
5251 7769
7937 2706
797 8221
3676 5452
7605 8359
8446 4747
8358 5596
6164 8582
409 6930
4615 6638
7295 2467
7873 9756
2040 5099
9328 2038
6882 9786
146 8126
5934 6650
2460 7551
4762 4886
2762 2827
7632 8736
2965 2421
5189 5313
2443 284
8561 8808
3172 1088
1915 101
2153 188
4690 1650
9939 7896
7361 5157
9144 3399
2389 6584
9077 7785
4121 293
1497 4509
7816 2078
5209 7601
7565 9544
2411 2424
7104 1618
5269 7277
7346 9294
5776 6317
1705 1146
3552 3835
7662 3627
4433 7441
9227 1037
144 3683
5457 3940
6232 389
5186 9283
8777 466
2822 773
504 2510
8078 2103
6455 7243
6692 789
1791 1731
3923 4087
720 9465
5959 7447
5684 3125
3989 2312
9376 604
6701 6122
6080 9322
1089 1589
6746 8390
3332 5842
7193 2391
7469 1908
2786 5278
194 3321
596 2538
3275 505
6885 4891
742 5154
2818 5756
1987 2974
9211 8468
7878 471
3571 8611
1459 3742
4965 4230
7946 8037
7988 7845
1730 6373
8670 1442
3998 7971
330 5778
5964 355
6998 5580
691 2194
944 5994
1011 880
3260 278
644 9913
870 8251
1539 477
4937 2239
2115 8629
2062 3113
4850 3893
2819 9004
887 6562
2088 7584
7684 6521
6449 8415
4576 7463
4037 6275
2511 3662
6503 4424
6631 9151
3983 3478
4481 6385
3721 2801
7716 9642
7252 9471
9433 3193
8586 4903
6151 5933
3739 274
2208 7145
5216 3478
3338 6735
4810 8020
4674 6627
9014 3
9447 1369
6880 4666
5083 6355
4086 57
6885 291
5562 4624
8194 3037
4718 1988
8839 3747
335 879
2875 4727
8619 1350
4795 8474
1950 2019
1864 5936
7561 9532
2241 5304
8150 5466
1688 3415
8976 7881
7950 7598
3649 2010
245 1566
4568 64
3367 2603
8694 1776
7509 3049
8124 7881
9352 4537
2096 9123
7468 5420
2772 1549
6356 8530
8559 2287
326 8387
2562 3757
2761 3524
9114 4971
9876 6141
814 4669
1619 630
7811 2139
1825 6456
7757 9169
8518 2204
8833 8766
2134 8126
355 9954
1225 1519
9965 1803
3850 9233
291 257
247 3477
4863 7146
3766 6629
6709 9669
2924 5819
3558 7913
6422 5667
8186 973
7183 7506
9447 1264
1327 7523
6960 5683
2095 8193
3361 2761
6529 7032
1661 2904
1036 9578
4400 1737
271 3223
4516 4115
4864 3561
2804 3006
3314 9172
5974 3214
3681 4124
6735 9177
5411 1979
9437 8258
8477 2984
284 5296
6727 8696
5375 6601
767 5951
2913 7371
1083 9449
2710 5486
8772 6115
7000 3214
107 2
5617 7108
3813 9951
3165 9588
2487 2850
7960 7704
2928 3472
2621 6862
1489 9361
5665 6918
5152 4631
6390 5418
1604 330
6727 9966
304 1787
4903 2210
9888 8615
9129 1467
6280 9563
950 5284
5588 841
2257 619
304 4939
5898 3345
3117 4391
3564 6565
416 4614
290 3421
2012 9539
2600 7106
2005 7145
4058 7633
5627 489
9210 3106
2790 9751
7389 5435
6282 9205
1112 9917
8706 67
8727 5585
1149 6016
4428 6047
6336 9011
6489 9718
2831 7609
1301 5906
1439 6380
8691 1516
1238 9988
1874 2822
8803 447
4200 2051
4726 637
2470 8786
9189 2933
2249 3180
9815 999
2984 6324
2294 9559
3718 1925
6131 1146
7023 6919
7381 658
222 6728
6891 687
7998 393
5496 8537
453 7853
6233 746
264 6330
8225 5804
4908 2834
5337 873
5342 7818
9610 6619
8254 2909
9925 4000
1840 1761
6470 6097
7088 3003
4766 7166
9844 1075
4853 3224
231 2523
4387 7020
5796 6806
6844 9260
7312 8808
2447 7444
3468 4196
4828 5543
9607 381
4575 3214
2764 8594
3422 8331
9697 7895
8299 3535
9356 8276
5961 4924
9664 5449
7154 4340
1246 5850
5418 6159
867 4495
7683 8105
6607 9623
320 5478
574 2357
5278 2558
5402 9975
5740 9461
7874 440
4959 2621
1031 3274
3028 205
549 4684
1900 4445
8036 3564
2665 4092
7867 3774
5130 9362
2078 1006
9637 3936
2617 8397
5431 1847
9477 1610
8518 8823
6588 5612
4587 3465
8135 558
6415 7381
5029 9863
3708 3478
5210 2594
9254 6579
9201 2310
4218 4994
3582 9173
199 1478
3978 3665
7863 4270
3946 6007
2692 6522
551 1350
1175 4811
2514 3609
7436 9350
6389 2391
2073 6533
2309 5477
1131 6239
9297 5634
6574 7573
5633 1918
3617 3032
3015 746
5010 7677
9614 6878
6893 6094
5701 7845
8682 3080
1962 1122
9898 6459
4280 1735
6573 4770
3849 8154
1946 9006
5143 2931
7761 2919
2693 6500
1270 2224
2314 9931
5346 5676
3841 7177
3895 1223
5516 5578
8361 3401
5921 5011
220 87
1559 3696
5452 112
1507 2373
5223 7759
5831 3897
1917 5941
924 3300
2810 3948
9247 9294
7637 2665
3175 6881
3709 8007
1000 4660
5626 697
4922 8474
4041 705
415 1541
9882 803
3972 8833
2151 1146
4790 2597
3693 2635
200 2168
7910 4965
2207 8935
9739 3335
7979 5633
9628 8403
4461 7868
8741 8149
7019 8216
8643 8895
8938 3657
7943 5562
7132 6819
6427 6724
47 6355
8616 2570
9570 7512
6184 128
4457 4474
7708 8800
7121 8007
2108 1978
9254 6926
1846 4103
4818 1378
1493 3587
1858 827
4557 4057
8265 5526
1179 3891
9348 1503
3833 6157
2706 8734
3421 7437
7405 6237
2959 8954
847 962
4207 4765
1416 4947
5395 9139
1576 5774
203 248
5167 5741
5662 9131
4431 7840
416 3867
7508 2150
7870 2827
8262 8166
3367 4848
9829 7739
679 8287
9940 3589
2301 7127
8857 1770
8618 3785
6736 8110
3322 2906
1361 2360
4041 2836
2180 1769
9032 458
474 6762
8906 3938
5288 5296
2571 7776
996 3504
8963 4801
2603 8037
9424 8920
2935 9336
3496 8410
2661 9022
5239 3405
5096 8288
343 2614
8525 1026
8499 561
8441 8915
6387 3676
6463 8574
2025 2019
7452 4649
2331 1081
2680 861
5512 2102
8168 5689
4038 4911
803 5344
4060 7696
9884 2987
6018 3776
7536 7908
9800 4555
1182 7539
3818 5678
9261 3712
5397 511
9942 1976
1679 4639
7810 7765
6438 6913
5541 8182
2395 1674
6074 7394
2502 8035
235 9375
4653 5530
6243 3149
7916 743
6880 2655
2010 6720
5405 7093
1272 1546
7522 597
212 6803
6354 9130
8489 9078
2734 3997
4803 6786
7916 6472
4577 3780
1618 2791
6634 9164
1790 5392
5964 2514
3225 6157
1833 9161
6115 1696
3910 2181
8119 7660
1984 5045
9943 3833
1072 2317
7071 6986
8951 6004
3782 5192
358 957
7016 4276
8442 5060
4482 8963
2367 2868
7376 8660
8743 4485
6680 5140
5758 2973
2820 3982
8509 8192
5291 895
7892 759
9195 1116
9295 1
4251 8209
1817 276
8134 7250
2646 2782
5395 5228
1213 8647
2741 6798
2772 4685
8048 8836
7933 2050
5253 9619
5192 1528
4066 760
4976 7684
1238 8532
4102 7255
4135 3751
2635 8129
2648 4032
4465 3479
7757 399
3079 5229
3178 8525
7495 2950
9521 554
3618 3215
1366 3608
5162 2651
3740 5785
417 3553
8935 3829
4508 385
1609 3048
9284 439
1898 2379
5376 4269
5218 9479
8738 1710
9664 1336
4692 6445
3389 3586
6364 7961
2815 3465
189 2365
3899 661
8110 2225
6513 7342
9934 5056
9811 3186
4355 2366
2249 3858
594 5917
1372 2039
7309 1614
732 6639
8790 479
2400 4935
9184 238
4743 5657
2205 45
186 4813
9217 7720
276 3588
6808 1325
2144 234
7214 7861
1269 132
6314 7760
1865 4531
4069 5011
6161 9604
2295 1362
7730 3286
2192 8731
3768 6658
2707 1367
5680 6390
841 9192
8021 8856
5246 7614
9438 9275
5993 8331
6407 4963
3839 1547
4371 4518
6755 6510
5170 5794
7748 214
6028 616
9505 6428
2278 1321
7393 51
6365 34
8837 1511
1451 5860
942 4703
9779 6897
6123 5425
3076 1747
5993 7904
655 8868
3169 7962
2209 7895
7508 247
207 4867
8556 8911
1051 1853
1502 3740
9603 9832
9304 7487
2345 8983
6657 850
1635 467
785 9479
122 3840
8204 1968
543 8409
7881 8001
7288 8564
8063 3558
298 7723
9258 8398
5299 4016
1716 145
4092 2305
2333 1927
1652 104
3384 4652
7189 6970
8895 7091
4696 2197
7416 9890
2594 309
4062 8088
869 3292
9010 9554
7125 5977
2555 1967
4456 4381
5332 2603
261 9167
5300 957
7849 2344
4868 5739
8452 1008
8090 6076
2888 5490
3474 7867
5579 5833
1191 8074
1642 4597
4705 5207
6810 7802
8293 9120
4573 3683
290 9873
505 6966
3041 8102
3840 5979
6886 8898
604 7791
105 4260
6630 9508
2744 701
981 211
8418 7892
55 7962
976 6019
5111 8208
5763 158
1103 1815
2501 6157
1211 7332
9388 5354
2018 8473
2756 8796
6032 4897
6961 1160
229 4432
6190 2547
119 2779
1231 4997
7412 4330
5237 9601
9497 863
1929 2564
1947 9070
2020 3880
6893 8856
5644 8483
7604 3330
3267 3970
2814 9867
1202 6688
371 156
710 3200
3186 4581
2422 5097
329 8247
107 4838
9903 832
6256 6475
405 4655
4003 771
1673 7505
2221 7682
7368 6442
615 2073
1029 5347
5747 7073
9076 1473
6796 8390
6185 1913
5225 6561
1578 796
8149 2924
1791 937
1034 4457
6307 3887
4890 8104
7291 8235
8983 1846
1943 8965
2473 6165
7148 7195
2378 4806
1660 4224
7568 8131
7237 8829
9367 8980
333 7354
5072 8647
6845 8905
4951 5335
7582 2646
351 6933
2673 3447
3429 427
7249 4805
583 9782
4784 7819
8914 1476
3491 6727
3464 8590
1949 3578
7202 347
7572 1182
1276 1351
2617 4819
696 2398
5861 5126
5353 780
5899 540
754 3579
1408 4550
3656 6898
7326 2922
4579 6941
8920 2970
9663 8893
9972 9374
5817 4045
3353 796
2374 4165
8931 2916
8625 5656
7620 3878
9252 2130
2588 1331
312 959
1867 7326
2637 7111
2589 9523
5624 6269
9171 1477
8096 9038
7373 917
7746 9836
7556 2066
9190 409
9162 3368
9126 3831
466 2526
3867 301
9242 9159
3397 3468
8956 9378
5968 3593
8517 765
5928 384
1846 9486
1477 258
1553 7032
945 2842
8575 717
3123 8170
455 5646
5584 1550
4579 2807
4014 8116
4349 7920
8839 6134
3943 8575
5491 7850
686 7423
9378 4207
1576 3396
5141 7591
7800 204
4199 9412
3939 5467
7231 7415
7323 3433
7390 3483
5784 1920
7343 5485
4829 6446
248 7718
8543 9732
469 2428
5239 8235
9938 4157
1343 8073
3137 4362
8454 5824
3150 9549
5133 3041
2102 8358
6635 8085
8584 6708
7832 9158
4947 2500
4329 7582
663 9355
4872 5796
7613 7694
4493 312
8296 9830
377 5959
2667 2365
7179 9959
3948 4646
512 8698
4186 4927
3825 512
5138 2723
523 3240
492 6624
2068 8944
606 613
6093 2594
9755 735
6000 405
3228 1994
5206 2910
2563 7020
7859 9234
4743 6869
4232 7841
1457 456
3079 8980
3278 6769
6827 691
1934 1712
6404 3157
6730 4211
8740 603
3199 4552
1270 4713
8291 6041
1224 1261
2588 2532
1630 3036
88 1225
9597 3579
38 7646
412 332
4357 4041
1621 1004
2572 9212
8200 2830
6969 8449
2874 6809
5319 1107
9934 6749
2376 7894
7652 8930
5553 3417
1235 6662
5838 1499
9143 2064
9774 1404
4493 2600
1381 3789
1151 2541
6995 924
778 4351
2155 8165
7233 674
6457 4144
1780 6827
1731 8721
2573 9550
1823 5076
3961 7148
9391 2196
4696 3359
7158 5252
5394 3256
7215 7384
1605 9454
1320 9761
8356 1336
2833 9260
4219 2813
6009 9154
3339 4462
834 5405
4564 2185
2092 4673
6636 1576
1598 1812
9674 8653
6108 9971
479 3954
407 5078
7466 6383
3566 9574
8379 1937
8397 9526
6100 8865
4857 9586
1609 7084
161 9546
5433 3154
4983 8730
1778 2113
5736 4482
162 7472
1068 970
4478 3188
40 807
5070 8866
7142 7170
8951 7828
7107 2958
1626 378
5000 3177
7805 7778
8870 2861
9574 62
4163 2195
6935 4474
9701 8863
9291 2600
3228 552
4248 4051
962 6598
5542 5317
7447 9868
9217 7710
8282 4425
5838 7952
7677 8076
6290 5840
2346 2813
9745 8832
8627 5672
7650 5726
8854 7090
1452 1642
1978 4834
3176 2930
5586 1396
3180 2844
111 1092
3308 758
5175 3604
1921 6884
4335 1181
1239 8260
3078 2092
2725 5015
9700 7727
619 3316
421 9055
5936 6997
5835 2144
1755 784
2923 5286
9764 3807
4306 6557
281 3510
9221 1025
3272 4619
220 5758
3889 4662
9698 9554
9901 1018
2515 2142
8587 1464
3082 5355
3582 9870
3431 3008
3781 4647
1033 1566
239 7062
2067 1823
689 7984
275 878
6132 4591
7286 8734
3528 1701
4401 3206
1499 9066
3414 7391
9649 3437
1674 418
8807 3387
3810 9880
4886 1032
5573 2680
8664 5976
8662 1901
4793 6211
8562 8940
8713 2829
244 950
8034 4654
6988 7772
9573 4526
9989 3168
8878 6583
3451 6060
837 9060
1324 4601
3022 4142
1471 661
4790 3363
5211 7535
7435 8710
7301 432
7179 1151
8529 4267
1287 4210
9298 7709
8866 2606
9642 9252
105 9823
3201 7931
7632 4796
3666 9926
4924 6511
6829 2385
213 3785
9993 200
8838 3962
8741 5063
2633 9394
7835 8129
2745 4707
6202 5937
302 2535
1435 2178
4614 8603
8093 4274
4731 4413
1263 975
3461 6684
6684 5319
5510 8166
960 5224
5624 8342
7398 8284
2329 1493
3033 7859
5424 9790
571 2244
3694 8835
6741 7014
3029 592
9204 505
8762 9964
1307 473
1865 3773
8463 2714
9001 131
7810 7843
6 8155
6720 7713
3405 978
101 6916
2922 7316
1417 9216
6278 472
3038 5950
2964 6925
3537 9888
7608 1639
3442 7767
6467 8978
9582 7017
3578 9196
5955 6608
1191 5367
4036 1769
8761 503
5657 8933
5669 485
5364 5321
7253 9063
2640 8409
5602 8260
4361 5212
7735 5605
1664 7879
1428 6580
2097 6233
9350 4282
3704 2595
9585 6646
5326 8365
4202 4809
1454 8782
7401 1776
807 3867
5796 4879
6303 924
3478 5386
4810 3879
6093 1355
1627 5027
2207 5381
3155 8008
1765 2870
8874 8117
5409 3101
1802 9101
2548 389
9116 2862
1502 9192
5995 9807
7870 1943
9693 7253
4094 3337
9451 2384
2231 6039
6957 5137
7465 5670
9999 3529
6957 7496
8798 2404
1734 5090
8751 3045
8312 5932
569 581
1809 7279
1408 9277
6627 3535
5092 6521
5683 9930
2300 1297
7997 3595
3269 30
8395 9452
309 9442
5872 8785
3491 1194
4530 164
911 3236
1162 3619
5948 451
5601 4143
1126 6493
4136 9331
4228 3561
7193 5088
5394 1620
1360 1644
9938 4191
313 5229
6506 4361
6558 2249
8310 5305
9918 6324
881 1687
8426 5238
63 7799
714 4098
2947 9407
2955 1911
1305 1799
5994 2351
9891 1147
4061 4491
2431 7213
6180 6695
1091 6998
8948 1447
9022 2295
5456 487
2629 7744
1258 8261
1375 1773
1712 6268
8571 3180
3199 9276
7167 7268
2664 5546
8431 6337
3377 4209
3174 4185
2583 5223
6434 3113
6003 9418
4901 5737
6587 7792
221 2973
1108 7980
272 71
8452 5151
2626 5548
2485 3883
2590 4586
3888 6738
9674 6873
1436 2677
8052 9438
4760 6365
7372 8732
7323 3386
1441 8058
364 4862
5663 2255
8276 3721
7814 1655
5773 2908
3632 284
8559 6090
6772 5004
3776 2047
8302 3203
3182 6131
7541 8708
7159 2579
8333 8779
5835 9783
1074 2961
7360 6961
6914 8123
7853 201
8627 2166
7439 5602
3563 7245
6225 3641
9956 4571
8480 5944
3763 2496
3530 17
5040 7713
6094 9639
7313 8083
433 8311
1144 1942
7050 1289
8798 8282
4788 1252
442 3341
2386 2520
8271 7583
4953 6230
9962 438
337 5987
7797 210
6017 3432
535 7123
445 7254
56 2909
5780 982
5476 7789
1806 1645
3278 1329
4963 7837
6204 371
480 8433
6140 7147
456 2180
3993 9820
9445 1928
1868 4902
4648 2506
8488 9179
9019 8154
2701 6907
7644 2156
7570 7161
2576 9005
7403 1158
6920 9473
1775 9724
9036 31
8822 7790
386 9055
7980 8270
5969 1882
43 2316
7115 7307
1525 5652
9324 5083
4147 3617
2007 825
1997 4602
727 4738
5598 9170
8627 3657
1195 9855
8854 6351
3065 255
7190 9246
4568 6792
1535 6
9915 7931
6421 7048
5807 1608
1304 7004
7723 6566
2754 4724
8627 8930
7240 5521
8566 3928
6953 3318
7544 3360
6508 3251
3988 3200
1810 9699
3288 2921
8228 1605
8442 5148
4132 689
3010 3097
9449 42
2480 1761
6601 6098
923 9050
9487 862
7091 6276
9780 8041
3150 1647
9827 4853
4260 7872
8527 9973
7659 8036
2547 4079
57 463
2460 5461
419 3677
4711 7085
8050 4846
5698 5576
2573 8745
3602 3956
3952 4514
2199 4028
8054 8165
2097 8279
750 5574
2795 6229
7392 6206
2921 3284
1290 9704
5289 393
4359 9607
5342 197
9712 9594
9625 3524
2029 7742
4566 890
4114 9696
6281 6274
938 860
9113 2371
2187 5946
5881 4924
4592 3921
936 5564
8978 276
8622 4206
8628 3135
5954 6057
5450 3587
4146 5761
9098 1181
9102 4392
3546 5687
5459 5375
5472 2380
3944 9011
8292 6
3821 5471
3363 9832
3028 4657
4617 4466
8241 2475
4079 4387
6556 472
8684 5077
2427 4108
3658 9696
5225 4295
9093 1856
7539 9485
1172 690
7180 8365
3815 2143
7249 8003
1890 1137
5458 9450
2876 2986
7030 7285
7745 8604
8167 689
9672 2293
4179 4526
3683 6676
4712 2806
414 1880
5049 1176
2856 6763
2969 5312
3920 5180
1511 213
7304 9802
1200 4906
3978 5243
3353 378
8729 8025
6650 5718
3468 8984
660 6406
8185 5822
2654 2154
8464 2870
4590 5766
3322 846
1612 1239
4775 6012
1879 225
6516 1988
491 2834
7593 805
5779 8972
9535 1861
2088 2305
6184 3639
6402 9222
1467 5276
8764 4235
8925 9616
2914 8614
2666 6841
640 9533
7274 964
408 6294
4182 8556
9383 9514
5005 6950
4720 3968
5515 6196
4488 9144
275 4612
7565 1283
6585 3974
5691 3843
1162 7806
9282 3082
3472 6752
3171 2539
2357 7022
5860 78
9917 8077
9440 4265
652 1253
9590 5051
338 212
8807 3443
876 9205
3309 8710
9464 8760
7646 9661
8207 8318
4040 7064
9564 7980
7281 880
6746 9110
7801 2371
5940 215
9979 1630
5834 6339
5195 6047
1775 8732
1370 5093
1850 8063
757 7163
1141 4652
767 2787
4351 8294
7384 3862
5714 5047
996 5160
1426 945
4418 2357
785 8388
6840 792
6951 9791
8777 5371
8513 5085
7811 2389
2782 4968
3660 657
6437 5524
624 8036
7586 7803
9248 8681
2385 3485
9075 657
7741 1227
6652 4156
4894 58
5265 155
3133 5239
1413 3105
1513 2827
3379 2444
8718 1710
5636 9062
9589 7163
3505 3911
7906 3220
1849 6979
4997 5543
8051 5798
4343 5580
1025 2148
881 8913
4761 1794
1510 270
9954 9164
2667 2645
271 3228
446 9154
150 2278
6717 6565
6117 2427
2238 504
6124 4079
8400 8541
7397 807
2340 4589
894 6938
8673 3281
3799 4229
5746 5746
8812 3354
3676 8269
4013 8740
2790 5962
7031 2984
6814 2811
915 6728
4342 1359
1806 6972
3053 1351
2974 5483
3417 2923
346 6914
8610 5660
2479 5975
4333 7428
4613 792
8034 3245
5717 812
2846 9503
1412 5676
6983 7856
9549 3415
992 6937
4205 2120
7956 1415
8689 8607
424 840
9655 7748
6551 951
3269 5768
9593 5416
1260 9356
4401 9330
906 4118
7636 7809
4851 8828
2112 3671
3536 4815
2127 8887
4185 3330
5384 1584
5559 5784
639 5999
1435 8548
8284 5704
3279 6009
147 6857
339 4707
2780 6000
9461 784
312 7217
166 7599
6686 1190
4332 6017
9175 2703
2359 7714
2306 1388
6981 1549
4485 5842
5484 8586
594 965
43 3039
4356 5707
106 8433
3735 3668
395 7521
1104 3928
5522 3012
9014 2375
6274 4444
639 7124
9589 4265
283 3387
5684 4677
6581 1355
7690 7210
9847 3295
2194 3281
376 1568
5636 1165
4272 2131
5896 5180
8246 7437
4280 4214
7722 3170
1480 9923
1337 2141
1080 2303
9517 1796
3102 3027
5659 7230
3897 936
5544 8292
4051 13
1350 8341
6708 8251
7933 3048
8131 9120
436 5387
8094 5660
2656 2211
5110 179
8490 1224
5165 2275
2308 3562
8167 1964
9511 3593
1264 6869
2247 1200
4074 3635
5630 2977
4589 4148
8186 2142
940 7616
9667 2370
902 6314
5605 9684
9527 8033
8899 2571
1380 209
1620 6229
8975 2516
7588 3506
3634 5493
6426 6884
6569 7153
5805 607
1335 1055
571 4960
790 4084
1400 3703
2076 9837
8647 9908
6081 4517
9766 5610
3911 5879
4148 7091
7413 7500
7798 634
9127 8906
66 9274
4245 4951
5134 4839
3475 9222
7900 4311
8772 8438
1127 9743
3526 6769
5921 2813
9025 6158
3145 7392
8596 1773
859 8274
1231 4107
8188 4463
7672 5827
8867 7488
7394 24
3636 4161
1636 8311
2110 5258
9767 4381
4960 5808
7692 9095
9189 2861
4674 351
9827 9858
1309 6303
1770 8562
7771 9561
3676 7267
6737 7405
5836 9029
7989 2293
3776 2061
1997 2948
788 8102
7354 1417
3275 6621
1471 6689
927 9644
653 8756
8923 5562
2300 4513
3500 328
9793 7132
9720 3522
6234 2421
9172 6599
6225 5150
1960 6763
205 8117
2213 4045
7630 7378
7500 1026
9895 6234
3865 3132
9687 3067
2931 5735
2871 2761
5549 2146
2256 3027
7890 6974
1849 80
569 6121
9028 5289
7416 4910
188 7943
9736 6163
5075 1816
430 9935
7564 3489
5964 852
2118 3799
5828 2677
614 745
1490 5286
4004 501
8501 6267
9454 5739
9885 2875
7183 3214
9711 5636
1966 9410
530 9165
775 8268
8228 8098
497 2015
9199 1268
7271 4247
4883 4218
662 2487
7575 1434
928 2094
1741 8498
8620 7931
185 4651
2148 4813
1521 5292
9091 9817
8314 1549
947 8838
5543 2590
1279 2055
6259 9142
2629 3881
4915 6077
9395 4361
7666 7911
6550 5533
6792 5469
6708 2561
1819 7518
9767 7180
7578 3508
647 585
8721 2600
4841 9192
6743 3463
9156 5562
8525 2929
1392 2690
7363 7818
1599 7377
5038 4750
6195 6918
8602 7095
6589 9264
3625 3725
2724 269
5937 3648
215 2520
5607 8318
1104 8706
1674 4301
3408 8330
8296 2720
7613 316
1904 806
1181 581
6920 2766
6401 7828
8834 3667
7769 3025
7301 2019
9291 2224
688 3805
1676 6526
5250 6334
9105 3309
2842 7625
3746 9937
8386 9427
3415 5861
6339 475
9626 7680
6982 2665
8993 75
410 7771
7388 9038
737 3440
1188 2236
6600 4111
1949 6310
9281 2765
3403 5528
8102 6895
629 3515
1453 6899
667 5112
5339 8766
4206 7412
9986 8299
8476 6323
1996 7082
4938 7327
7865 3195
3380 2814
9930 7834
7724 1532
8340 1076
5853 804
8450 3933
6810 4016
8924 8456
444 306
1966 7397
8597 820
9160 4009
3327 7829
5613 1618
1353 4096
838 4557
5771 1155
4765 3671
9275 2798
1732 3969
3094 3990
4725 7070
4611 9435
2352 6558
462 7844
4686 9164
1271 224
4466 1426
1993 2678
4964 9429
1158 1049
5687 5549
9427 376
5102 3549
1652 7942
4959 9101
7742 2545
4326 9980
6636 3841
7512 8521
6551 6604
64 9813
5741 6386
665 9594
4539 8386
6103 5548
6676 2734
1548 4074
5525 8067
975 2456
7705 6558
4103 1188
6251 5079
5773 9679
6199 3601
5810 9990
4511 2375
5019 4914
2286 7777
5036 6047
1823 2440
9068 6974
9977 3422
8657 2120
2324 6932
1326 8636
1217 4849
4848 1476
7649 6386
7671 3526
9773 4036
3963 165
6585 1309
9038 7451
449 6989
8356 4263
4157 5994
4637 9662
7442 3369
2737 1529
959 9816
9840 8062
7595 7699
8748 6081
3771 8916
4483 3171
6714 207
7999 7280
9379 3915
7819 7443
2710 3227
7033 4858
3547 8404
1308 4562
253 9265
4277 5234
9767 1571
1651 4307
4308 2252
8654 317
102 5679
2864 1916
9200 3538
6899 9884
8649 9234
2942 1636
4274 8635
6254 4791
7243 8703
7941 9617
379 1777
9996 2665
182 4648
7529 6105
6349 9431
880 6551
463 1805
420 2077
1282 2648
812 8931
8860 3875
8676 3386
5957 4422
702 5513
9084 4767
1838 8048
3567 2928
3675 1522
9589 4820
7073 5349
6669 4527
7774 922
5381 2127
2778 7079
8308 6500
4916 6534
4354 7595
3055 2213
3216 9193
4472 1468
5273 5947
1023 213
1205 8986
4377 2434
9042 1297
2500 8630
9973 2784
3848 3473
9104 1269
8039 2647
3207 1954
810 8997
2489 3167
2913 5251
741 5784
7922 4096
4820 3916
1820 6581
9702 4017
8554 8359
6812 9656
9579 4143
9579 8614
580 8042
6304 7825
5989 6774
6095 9554
7218 9943
951 7336
9954 2941
1368 6001
5630 723
2340 7511
6818 4423
7569 6650
1931 7266
1472 8239
6610 7305
8814 7476
1268 8902
5158 7497
551 7330
9833 1687
9422 1646
4831 5004
8784 1014
556 9241
7358 9658
1280 1725
6835 6646
3771 5521
2564 2536
5027 6530
2444 9146
609 9718
4540 9223
3334 3466
5843 4866
6068 9051
5254 7733
8391 1561
515 3009
7487 7074
4711 2270
1176 7504
3506 7907
9937 3111
2073 8034
6235 4741
1554 8604
3573 1758
4078 8640
855 5765
6052 6377
4703 2482
8867 7538
4011 6057
5530 5144
4051 5756
3229 769
3421 8845
2014 615
4733 6412
2246 3649
6791 3693
4244 6095
8897 7873
188 5839
7413 4570
1656 9848
9308 6949
626 1078
6578 3305
8946 399
2492 1343
9694 6935
6234 9861
7249 3697
3658 7117
674 8046
2246 1157
8042 951
2480 4125
2448 4474
2526 9087
9728 2600
7854 5409
1442 9650
7212 5559
9933 6075
8689 7824
2366 785
9651 6045
7650 7414
573 2814
4065 7565
3688 579
6369 9385
7961 4249
9854 2383
2494 8998
1798 6913
6708 8739
5840 7079
9866 3248
9131 360
6951 8108
8766 7623
5747 7364
3337 2732
9393 6649
4991 3455
9472 2235
3614 9525
2650 1947
7837 4935
3987 5092
9675 6498
630 2823
8723 392
9926 9163
18 6642
9453 4033
3960 5667
820 5702
6527 911
7189 5238
6024 8890
6268 2236
385 3867
6343 3617
6598 7209
1905 5014
8389 8083
1209 7466
3846 6275
6562 2183
8894 114
6648 4340
5615 9466
2020 5160
1384 8061
3812 8814
6009 4460
9586 1376
4300 7365
6317 8981
9741 7020
3896 7509
3476 5128
1676 2784
266 4086
6272 1858
639 9870
8441 3205
1028 9327
4626 3083
6611 6899
4398 3270
5143 5121
7155 3140
4255 3045
8337 8889
7180 8477
3938 2744
7943 3865
8700 4218
9908 8483
8843 1936
2878 8496
9530 1427
5631 4195
4857 6672
6092 2760
6179 7971
722 4488
6809 4640
288 9004
3066 7105
899 2037
8265 5772
4306 9473
9355 2955
743 2724
8779 5291
4038 5095
2106 4583
7685 7135
4702 7840
536 4352
417 9675
5199 1907
638 3436
9817 7060
8715 8342
6307 8523
2566 6754
8925 2269
7199 9808
4910 5299
8777 857
7368 2921
36 6119
993 1639
20 8784
6469 3443
5593 3079
4439 7520
1470 299
1672 6090
5381 6966
1506 294
9082 1856
6338 4502
9651 8316
4590 9036
7845 4813
5505 4715
8682 9457
5595 2502
4441 4233
3412 816
191 545
7809 446
1340 678
3698 5630
7242 6102
772 5397
2542 7383
6854 9549
8138 7731
7776 5617
7507 4276
8021 4253
8282 1242
2054 1646
9108 5084
908 7299
2087 3536
6224 4746
547 1640
880 5295
5154 6365
7843 8917
8106 5226
6196 7643
4597 6110
8414 9877
9197 2107
6336 8176
1418 7339
1911 6855
8710 8056
3460 4902
2119 4434
9756 773
9723 9165
4447 9692
3819 6451
3509 7547
5908 846
2248 5888
131 8500
6195 6208
6127 4704
2521 3271
5524 3324
1512 9860
6069 4343
149 8862
8577 1006
6204 6851
3758 7742
6497 1399
5719 383
2320 9095
388 6308
7802 8830
1468 6263
2065 6331
2513 6390
5093 8784
6213 8000
7861 3506
8933 5349
8128 2533
9641 1159
6166 9300
3791 2886
3316 7836
4541 8441
6736 2577
9447 1963
6007 67
1697 3213
4951 892
4455 7233
5530 5854
5206 4843
7273 4461
9607 5342
7881 502
6037 5580
2320 6996
6711 3099
1177 138
1313 4344
9910 118
3561 4352
229 3645
8648 7628
7609 3361
8295 4235
2168 3739
8534 3732
8556 6405
8695 5332
1424 2749
9519 2406
5977 8490
2687 2218
345 2072
8011 4319
144 4965
5250 742
2219 2109
3777 6762
2278 2445
9273 2125
6371 9578
8558 1408
8263 4603
3026 2640
6596 8953
3616 4692
714 7026
6917 3449
1780 9704
8009 7133
276 6443
2097 3225
5027 6214
5133 3984
8204 5769
4048 7176
9827 5874
4960 7505
4465 4942
2546 3545
4181 3255
746 9811
4304 9947
5335 397
7314 2711
7539 3410
5915 8919
2464 3548
6954 7870
4773 1901
7062 5030
3410 9584
6806 6956
6039 7108
4698 8551
5722 6410
9796 7147
1870 4932
7496 9055
8654 9016
454 9901
2929 4344
8856 666
3239 7505
9984 8028
5491 1392
9993 5842
1638 2181
3270 2387
9543 1090
5633 1778
3380 276
1938 3526
4478 2523
5006 8297
2550 2858
2867 7424
2680 972
3587 6540
8865 6668
622 9140
2399 5471
1598 3463
4694 3092
3026 6468
4526 9908
6739 5996
4469 5571
7467 6521
217 3840
3734 6116
5732 4950
9003 7200
1586 3795
6899 8780
1369 1114
9802 4229
2245 1420
1099 8958
5622 7881
8565 2932
6841 6411
9869 7999
3254 920
4873 2521
4685 9696
700 3581
6041 7792
1079 378
2943 8825
8195 4214
2789 7831
6755 7171
7536 4986
5642 2273
8025 1722
2156 472
4538 3011
2488 2318
7525 1574
5265 7609
9095 5814
9818 9539
5846 6512
9041 1540
1479 8657
6155 2157
813 7110
6873 9766
4050 5436
1614 4101
2559 7620
2898 3808
5249 8736
5533 6568
5993 7910
8765 9802
1680 594
2023 562
1469 2848
3969 507
7044 8202
1927 2162
5237 3847
7524 9096
1157 2848
4895 9490
9454 3689
1592 7699
8272 6334
9082 2434
3384 2575
8372 7013
1321 706
3160 3492
6622 3870
3786 1927
4417 8900
56 2384
2999 2216
3402 6065
1413 6664
5069 8133
272 473
5536 2313
6389 4539
6975 2719
1153 1565
9476 5867
7664 2807
1719 5638
3114 9017
6677 7517
4874 1962
5783 7956
1141 7148
4864 9665
6215 4698
9421 6975
5006 3229
9788 284
9693 832
2992 6819
8828 8121
666 1941
9430 6713
8433 6473
8108 7853
9323 7873
4498 2246
366 6905
7707 910
7895 5650
1357 9193
3354 9873
9830 5830
2264 8413
596 4730
5962 7804
5097 7421
168 6673
2786 4674
3112 5628
5479 763
9991 7974
3330 8299
6722 4510
2298 2256
7117 7846
8228 4817
2831 8094
8204 5728
4125 5939
4070 2917
2115 1163
6395 7231
7563 3572
2439 4342
421 6345
8257 3987
3374 9808
4374 6389
9435 142
697 3141
9967 5153
3406 4975
5852 574
3973 5884
7792 9323
8438 1526
2284 2521
5501 7320
8884 3647
1367 7878
3370 7043
809 942
3366 6375
8808 987
4452 5397
1459 4613
5918 2800
796 9516
6993 3854
1624 525
8906 2919
6363 7908
764 6190
9128 2797
7700 7168
195 553
3489 550
7109 6393
8316 7736
7796 6269
5643 6101
4425 3913
7325 8980
8863 3808
1704 3439
4337 4508
477 3245
5941 8659
6974 713
4473 8168
5412 2470
5378 7776
4383 2833
3917 2340
2641 9517
6617 3059
6033 8392
2249 7262
8711 599
6051 3944
6591 9628
4597 970
6766 515
584 2276
7515 1540
8094 7617
1405 4140
7969 9172
1597 8986
3365 3817
3767 6275
9579 1774
9350 967
294 8095
3478 29
759 8509
1160 3929
7634 6695
1514 2687
8917 9415
151 1266
4799 427
2470 5493
8367 5182
2946 1601
8392 1674
9748 5996
4130 1000
3758 496
625 5070
4170 3624
7484 3658
993 9621
5108 1103
2195 65
7782 1292
4132 3770
8239 1598
3955 6868
2408 1140
5566 6989
5183 1309
1455 5702
9941 9898
5519 5798
7532 7498
9226 5221
8809 9453
31 7253
290 9857
8449 244
4975 4191
5152 5894
2356 8281
6038 8386
4537 6621
5838 6997
5611 7051
2054 2564
4349 2785
8351 9295
3028 9064
9331 7459
1937 7842
6836 6749
9121 6271
2317 3195
6410 7872
4074 4424
4882 5918
7563 9262
6811 287
6938 4432
2614 2816
6834 2118
2978 3161
4685 1697
9353 4110
1267 8093
171 5914
6516 8249
9406 9810
2184 9937
4434 4457
2679 829
4347 3523
1473 4589
6652 2938
1942 2467
8649 4441
3019 2028
3596 5016
9599 6046
3140 5072
9189 8521
4666 1464
8432 1303
5633 9151
6188 4850
5704 4660
3409 8348
2131 2597
5228 5659
7133 8920
6359 9717
6972 7409
8324 7989
1895 6112
4610 2447
5545 10
9441 8262
7581 5503
2702 6059
2949 6015
5813 2553
144 5761
7212 3691
3409 975
5098 4565
3486 7
4353 9520
1956 6560
3131 7225
3740 2738
800 1100
8175 4126
5681 3674
2093 1194
272 7017
461 9107
8076 8769
4405 568
7615 9202
3999 1257
9718 5408
9097 1170
4897 9744
9119 1243
3421 9185
4516 2827
4412 7393
6763 2988
9798 4599
8057 2309
8156 6602
3738 4149
8221 5642
2071 3645
6586 5565
3190 8822
6276 4823
522 7217
2673 2614
667 2106
9167 3893
6646 4149
2104 4706
1001 3825
3726 8211
1552 5324
7352 1686
7714 2296
2240 8815
8318 2267
2446 4822
629 3012
6427 1359
1865 6424
2591 6631
8749 1168
1833 8881
8296 5470
6015 4513
2999 1978
4288 705
4039 7803
7854 6094
6846 8773
8230 8167
9070 2050
4366 8735
4015 2469
2882 4194
2612 8710
4335 3158
8621 8264
4995 5994
9637 4905
7023 5687
4118 7563
3618 8494
56 7422
3663 5095
4232 257
3641 4553
8392 4873
3917 9180
4416 2526
7779 8504
4229 4603
3169 5489
8261 6231
2242 1486
4442 2103
5792 1000
9321 4402
9671 1641
3982 566
3006 4021
8003 564
1211 4512
7922 3355
1128 438
5437 6697
2349 8321
8905 6892
2909 8562
5370 9666
6551 3108
3970 5453
9349 1616
2673 3288
371 1335
2590 6384
6546 8049
8956 1394
6337 7271
2122 4120
8254 2725
5348 3370
3885 5361
9815 3236
6367 1872
942 188
110 8714
4519 4339
2466 4421
9483 5337
4867 121
9840 1009
8933 2089
4336 7150
2098 5174
9659 7063
545 6693
4085 1326
7388 3556
8217 6959
118 8048
1915 4971
3924 7888
2211 2410
6588 1628
9820 3994
3238 4894
3735 4074
4354 420
9139 9246
4317 991
7944 4279
7425 8264
9440 2656
8872 2268
8583 8953
733 8470
9586 1429
5698 1282
1236 6781
3055 2079
36 1887
1015 3603
9608 2134
6365 9298
1305 1126
9592 1399
671 1427
3061 7398
1851 321
296 8172
5961 1092
4998 1570
9249 9801
8547 2816
7440 1382
9028 8653
7745 3070
9102 4274
7662 1551
1069 1976
2174 3305
6145 2762
8628 4288
8135 3506
8776 487
8654 3376
3529 6335
6119 5519
407 3527
3136 9958
216 8961
9158 9317
2931 7523
5176 6647
1579 7301
1216 8457
8521 8903
314 9869
4807 6972
7061 4832
3000 7300
1427 2396
5998 1802
7009 1340
7439 6353
5603 2145
6950 3114
7170 1607
5594 3618
612 5189
4527 6095
2930 1085
533 7671
9181 6641
4625 7111
2564 4583
7867 6864
3502 4408
5529 9212
4251 612
4879 2475
5625 8047
9203 4377
802 8421
7544 9237
4372 9259
7722 4249
9511 4747
9732 8933
2322 2321
5442 3525
8214 7322
6075 10
4079 2683
1026 6595
1921 9622
3211 9827
8463 932
989 1233
8360 5003
602 9356
2155 7058
398 9615
7046 5422
9025 1406
889 9444
1296 4642
127 962
9044 8029
8675 2092
2964 5172
8528 692
7275 8576
3727 7710
7149 9352
5355 8220
490 4810
4256 8629
5852 8303
5302 9257
8378 7557
6829 3247
1737 4328
8822 6989
8403 9710
5195 598
8829 9558
9980 3145
8064 9383
3189 842
9307 141
567 2161
6826 2429
4380 802
5419 9682
1712 7922
8549 9017
7761 1354
9542 7207
2375 66
182 9244
6739 5065
4988 7756
4277 2402
1237 9881
825 7237
364 8
4040 7792
5746 4019
5493 3061
8839 8829
8598 9538
620 1081
3691 3853
2800 4518
1813 8645
2972 2865
4137 4250
652 5635
5023 7418
3654 1365
2474 382
5588 3053
2827 2865
6249 3573
5711 9630
5727 2091
832 2665
9279 550
5198 5291
5476 4626
3006 2914
6917 1932
9528 3352
8913 5463
5574 4400
3768 3476
1488 8001
4187 6309
3493 3129
2444 5600
1631 3260
8134 7421
9480 3563
4865 7442
9149 4743
3570 4132
19 4343
2632 9972
7480 5027
8001 5422
6854 4578
4984 2828
9052 3238
7153 1179
1152 188
7386 9551
1559 3772
2543 8356
6691 5643
9553 1540
4941 4927
2726 4201
811 22
2219 9747
1919 6970
6799 1955
1081 4783
7856 6139
4060 2312
6437 1484
6135 2755
8673 3628
2255 3352
7272 8508
2925 6138
506 3082
5728 7774
5580 3897
946 2925
3797 9003
5913 5212
5001 5613
6189 5695
5485 7878
3063 5328
340 4866
7735 4306
3362 4151
209 4481
6715 6726
3393 3998
2297 1595
7987 122
2480 3977
8305 10
2646 4151
5550 3191
7405 9595
4764 7648
2952 825
812 4725
7538 4996
9870 7514
1419 22
865 3706
3656 2532
5847 4216
1377 4360
6476 7171
1065 8248
2533 714
3026 790
1385 3838
9852 4435
116 1095
3359 8461
6148 8305
7532 8947
6931 120
7364 3348
7955 1016
534 2770
3881 8522
5084 1126
8671 4245
6704 4300
6760 1626
2275 6180
3448 8104
6672 8413
8966 2734
1634 7757
1594 7630
2929 7931
9005 2501
4768 402
103 5113
4638 6955
9423 1489
3935 3706
288 7988
5443 4378
1271 2536
4237 920
584 4762
3245 3371
5354 4472
6383 6594
105 3183
3017 6811
756 7500
7407 7803
7737 6299
9197 6721
8096 2995
5188 7111
9269 3147
4461 6798
2584 6029
8789 3702
3109 7253
6196 2366
2677 619
5807 9753
4672 3213
6889 707
2699 6437
3351 9390
7379 2288
3397 4236
1520 9417
7642 7549
786 4347
7652 2474
8291 103
2662 4999
1513 2918
2553 3029
2586 8989
8531 8129
2299 6000
4967 3253
3509 3548
5595 9997
6413 7102
7375 6621
2377 8192
2550 6527
3239 9640
5688 4088
2396 1578
5476 2613
3909 8450
2419 7883
7695 9969
5087 3304
8664 7768
5462 6832
5387 7550
1747 5545
69 5625
1135 1095
6686 8918
8033 2257
7904 8834
4783 7397
4296 5098
7071 8369
9249 5614
6316 5324
3999 5740
5627 494
5403 2305
754 1667
3186 2346
3061 6002
3937 5900
9870 8916
6322 8651
2195 945
635 1381
4555 2866
5285 4071
9351 370
2916 9541
1938 7631
4726 1271
935 1712
4646 5178
9793 7586
8734 1747
7479 9284
2035 6549
3552 4430
7347 129
6689 6565
9697 3112
8916 4159
9123 5850
6021 8242
1650 6826
1732 6526
6345 4291
9765 5343
4080 2129
5869 493
4604 6703
8964 7230
6852 8424
3585 469
1856 2550
147 5781
1867 8255
5121 2903
7784 9320
7830 4088
2484 9156
7081 4555
2993 3138
1075 2261
3464 1732
8737 836
1566 9296
9818 3835
4119 1052
8974 1885
7327 8024
6503 437
7652 8022
5164 6772
3575 2315
5837 7623
1771 8767
1357 2137
5598 5890
1444 8082
1019 8252
9877 2565
5623 8214
8360 4264
7794 3441
7292 7804
5188 1279
4661 9365
6601 8133
4623 6887
9114 4520
195 1885
1462 3409
2009 6305
783 8699
5884 9606
7644 3867
946 7738
8656 6186
9146 4925
95 3521
536 4402
8648 5599
3894 5665
9398 3857
414 9607
5957 5424
8685 6194
4267 2629
7095 7290
8199 194
7925 207
7492 4295
5719 1607
1360 3691
6393 4708
4387 7362
7985 1665
4087 8035
3869 8741
6935 9469
866 9327
2591 1828
6286 923
414 2550
1055 4985
4659 1195
7668 1111
4491 8949
3840 7540
3691 583
661 6940
6807 7014
1757 5134
4448 1988
8642 7221
1101 1136
4688 5482
7814 418
1640 9637
6948 3290
1425 1596
2616 5594
6015 6101
4455 6898
6728 1593
4344 8686
2874 7993
4809 9074
6060 2646
4627 2027
7749 7827
1739 5639
4107 2371
3990 2639
3993 9217
6850 29
8291 8925
2887 7361
1346 288
8689 5725
9716 5804
2622 1000
4573 1327
4531 3294
8473 4166
9254 2066
7274 5460
4904 948
2968 8339
6417 7739
6398 5799
4944 4991
9753 2381
4519 9992
2908 8875
8868 8212
7687 3252
5021 596
7233 7220
8288 4475
6444 8038
2910 5018
2789 9110
4089 6716
2216 2620
7889 2222
1333 1514
331 2919
7095 9253
658 2901
1087 9308
3637 8787
393 832
7884 4064
9332 4214
9344 2644
3569 3740
2419 3656
4207 8853
4354 6532
2562 5683
5310 1413
2469 293
6358 1124
1487 3727
4881 1649
2995 8007
3977 5288
4208 3623
5612 2303
4779 1940
3211 2783
4089 5017
3295 279
7650 6231
8158 4088
3880 4755
6601 8242
9557 5370
2889 1013
5692 7888
4948 7119
6169 8943
9358 5141
5299 4965
2192 7905
97 263
6132 4557
7960 7451
5718 6760
6503 5876
1566 9766
6121 7371
4055 68
3504 2944
8844 6877
5443 6653
1512 1981
3863 7809
1289 5796
335 1761
5202 8050
9107 7157
8298 739
8234 9320
3292 5049
4620 4654
9239 8304
8586 8101
4874 8015
2734 2112
5895 4456
748 4348
4065 3283
9655 5042
9068 1020
9355 9216
2758 2211
4300 9017
2559 4161
7105 4437
1709 4955
4529 6951
7493 5200
6581 6053
8834 1523
8394 1318
5270 5236
443 3804
7706 2189
3498 9969
2525 1932
1280 1418
2591 4177
5982 4225
2889 7838
2738 7496
6354 7827
2338 1669
7980 6218
8904 3315
4943 1927
4917 97
1931 5862
8715 1553
8174 5287
9346 5565
4211 4477
2562 8324
7943 1559
1499 8770
3166 2950
3756 5192
7080 8851
1282 8350
6251 1851
4281 336
7593 4515
2863 541
6798 7990
8388 9008
1239 7477
4058 3695
256 7259
1400 6904
5007 818
8856 3675
1518 2071
6369 978
9540 2441
4840 941
6737 4870
4006 6238
2070 2037
8601 4010
2094 6724
9739 661
5394 7517
2442 3511
8011 4343
8270 2043
367 8444
43 3585
956 959
7740 2334
1302 1902
6093 6640
1806 3120
1558 2714
8676 7000
4392 3920
8239 3043
144 6462
1800 8792
8098 6828
9465 9469
8131 4727
8710 626
7892 7284
2233 5012
4036 6386
9024 4108
9876 2555
5872 7433
556 9701
1966 2103
7775 3934
1011 7828
7062 3251
4712 802
2588 8531
3710 8621
319 4192
6210 3581
2467 3487
9490 1629
485 1253
7079 8894
5635 2672
2345 256
6708 2331
8270 598
3335 6484
1122 2686
6313 6236
4773 9902
441 4020
5635 8820
6804 7692
9907 2851
9940 6319
6741 6441
1783 2866
1793 7737
9019 2383
2279 4998
3091 8159
1299 3899
1103 8118
8071 5678
8469 2387
8876 473
9266 5805
4583 5240
2888 372
2862 88
1592 5972
1196 3386
2677 7514
4838 6147
423 5328
1735 4383
7732 5746
7481 9885
1738 689
2597 1093
7578 4242
2033 6607
4086 697
7105 7494
9529 2069
7377 2493
8791 9936
9913 2335
6196 6510
1559 9542
5153 2027
4006 3643
6566 6271
2179 1094
2063 5089
3443 3712
2074 4023
4423 9998
15 8391
4722 2251
2214 1779
6401 8699
4009 6154
2231 2146
9081 5491
6664 8625
8530 6351
3857 3937
5128 5808
3364 5209
3859 3086
7372 396
3420 2643
7730 5615
9909 3648
8148 7538
2171 2676
2984 1895
2765 9977
8679 1882
2183 1313
5701 4247
2540 1126
2717 580
1879 2913
6085 2184
1170 1994
4047 2236
8215 681
4872 2372
8863 4898
799 8126
7332 1296
2327 6454
2079 2762
8605 1578
8026 3107
523 4278
7744 187
5040 2296
2701 111
1622 4053
3110 4717
125 3742
7861 6454
6819 6539
4369 7737
3370 842
5394 7815
2378 8718
9077 4445
3930 4381
93 8506
9595 8144
4614 9521
2698 5540
1101 5739
4788 7845
4034 1361
5747 1269
5608 799
3637 1684
4630 2063
2027 6494
4398 4661
6935 6792
3363 5422
3234 4929
8216 810
2377 4531
3093 8370
3323 1481
2591 6713
7326 5222
2854 4244
6072 3716
2205 3587
3588 2885
6164 9699
7792 9820
2541 4574
2687 5160
3503 6371
4358 9136
8954 5591
9814 6707
3544 7326
3341 867
3204 8536
6522 583
9999 2127
3682 158
8501 4669
6350 8246
5174 4493
355 8503
565 664
2500 3535
1146 3455
8279 8342
9369 4661
8130 7894
7190 138
5177 3758
7311 9792
510 3213
9743 8508
9638 5067
9205 3448
2790 8473
2596 7162
6913 9663
5620 4403
3039 7998
7300 5240
1496 5543
9776 1376
3752 2158
7357 9767
2158 1910
9473 8399
6196 7017
2890 3896
58 257
9085 6755
8901 6640
652 8801
2934 9187
4443 3523
4824 8817
2690 5179
8707 5388
3748 1716
7619 845
6257 3840
7218 8633
7768 6202
4939 5475
72 7062
6851 4834
5193 7393
1360 2016
3387 4952
4477 8051
587 1020
2670 1372
8282 1885
1790 4945
8903 6249
7294 2081
3685 7090
881 9344
3870 6129
2262 762
6184 1395
4076 7190
6356 1999
3910 6119
2524 3816
1500 6615
5517 2605
223 9518
2937 9919
1379 1635
2730 5918
2242 9739
8126 8522
8447 7457
5343 5848
1018 4596
5119 5605
837 2888
9616 1431
4121 2461
1978 7713
2495 6791
9515 9776
3622 5545
9989 2735
5051 6804
4635 8964
3798 9166
2131 3556
6101 2482
7127 3894
8854 4021
9288 4432
8934 9771
805 1884
5298 1317
2303 468
8114 409
9945 4778
3954 3611
8901 1483
6348 2087
4590 7089
9880 8148
6252 5215
9415 9748
5411 8055
7343 5935
5474 3036
971 6886
8565 6568
2843 3978
8456 7664
5394 3840
826 9136
1710 6262
5714 2113
2035 815
9780 3893
6394 5487
1063 3245
4712 2798
6575 988
3244 5398
4460 3618
7334 6285
4253 4990
2493 1528
9738 8215
9958 4116
5066 4238
9680 348
8360 2330
9922 3663
1200 371
4143 296
1815 5151
1015 9267
9612 743
7370 6359
5971 8773
5249 2195
454 3022
6486 8710
1165 3837
5082 5287
1599 9690
5425 2929
292 8908
987 8778
7130 4526
8582 1833
5610 6121
4185 6833
5696 5834
3536 6737
3205 5642
4256 9441
4347 6643
2818 326
6464 5122
7766 7567
4109 6345
7187 6542
7519 3101
2971 2911
222 213
7291 5333
5640 7693
7122 9832
1942 6775
85 4680
9212 9430
6991 4160
1018 3863
6646 752
1912 517
3765 2656
2681 496
1926 5210
125 9714
7713 128
6842 4720
6605 5576
6715 9401
9463 4319
7363 7273
1435 9312
8550 6634
8620 9467
5437 1756
3000 124
9341 530
6407 8983
690 6946
1073 9169
5024 2952
4268 2057
6917 4028
1264 2657
9349 9646
1583 7164
9072 9615
6993 8839
2901 1507
8596 3468
614 4491
6519 5500
6114 1084
850 5099
9047 468
4882 9462
5035 6870
4591 4004
248 883
7441 9248
8649 3310
63 6440
1714 147
4937 2201
1001 6493
3557 4565
6626 527
8911 1699
9846 3651
8091 5935
9726 1354
6056 7645
2151 8750
821 8859
8087 5852
5386 5131
9106 3868
5529 6361
4714 2287
6112 5018
4123 6843
6380 3276
1575 158
6869 778
5486 2636
74 5808
5512 6522
2565 5757
2888 8619
4834 6689
1386 471
1823 9441
3382 8199
812 819
5330 5370
5497 1372
2901 9844
2656 5728
903 3831
1851 5194
9810 8581
628 8510
1163 8211
459 187
5437 7183
4039 6157
8993 3303
8475 9730
7428 9131
2374 6860
2762 8335
6228 2717
7464 667
6660 633
2233 2871
5742 9549
2593 5106
5970 3875
3060 5417
8763 415
3142 6389
9240 1892
6406 3804
9856 7271
7406 3894
7004 2880
4079 1569
4701 1287
3886 5499
1542 5297
2288 8795
7413 2265
6418 7580
5649 4919
875 2781
76 3990
7876 3902
7615 8653
5544 8671
5049 5041
1468 2505
8532 1633
7713 9818
1414 6195
3868 6461
5108 4264
9953 3671
4953 9785
6296 4914
278 4287
2111 5698
7367 1879
1426 1670
3038 8185
2137 6701
7125 5042
1939 2753
2021 5490
2290 928
2591 2313
2826 1831
1877 1580
9130 1747
4204 9001
7595 1315
1711 798
1097 8011
2168 6666
6204 5957
8020 9225
4569 7253
7185 928
3095 8410
5776 7297
1984 7906
9846 3555
2735 7493
7451 7255
1476 7115
849 918
498 194
90 8449
3209 248
585 8776
255 4980
8711 5364
3064 3952
8218 4493
6625 9672
719 6899
9129 4285
5738 3407
7297 1880
9606 1234
8383 9524
9721 5222
409 9166
6486 862
5499 8192
6042 2630
4213 5634
6509 175
7064 4788
7052 341
9899 9503
1548 426
1967 483
1601 8889
9184 4378
6764 7386
6411 1753
5789 6771
8261 2755
7083 5426
7728 2040
8872 2031
8638 15
4979 4837
9245 9692
5420 1802
2839 7191
8452 2788
7554 3769
3270 9678
2002 1861
3182 200
4281 179
3384 6273
4357 7330
6367 1100
4681 3127
4972 8431
8510 7578
6628 2
7749 2791
1372 6464
5189 3786
9296 6870
8896 9907
7137 2418
9051 9117
1415 7758
8368 2383
4169 1708
6102 8495
1624 1334
9386 2586
5740 1060
4871 759
7378 5958
6071 8780
6718 9792
7969 7564
6467 4306
3552 3353
9456 2756
4818 8867
7521 4352
7764 8997
4307 4614
4544 1095
6049 2919
9718 7974
5517 9244
9326 3989
5099 1233
3557 1879
2180 195
8641 6877
8456 9700
3125 4393
5976 5763
6702 8228
6422 454
1108 8664
1155 7125
1818 1577
8590 7980
7159 1814
2735 6663
1948 9845
7898 6316
7689 3705
581 3207
5112 6555
8684 4839
4392 1783
5293 9511
6700 4855
3407 1467
9184 6854
7989 4255
7131 4122
1923 3254
3355 8041
9927 7741
8105 9989
1343 972
2971 6720
8227 1072
3267 9000
8634 5006
2637 8951
4042 1594
8982 2401
6532 6609
5752 8573
106 44
9709 8384
7671 8287
3021 281
5641 8157
3232 5589
8982 4384
5842 1305
8700 6276
7488 1218
991 1058
9622 3873
9726 4008
1024 8589
4255 6359
712 8851
2803 1384
2917 9270
9853 3170
7551 5870
332 4778
7211 2892
8852 7548
6690 9596
5570 5515
7208 6633
2737 8135
5702 7904
6104 3535
9201 9245
6134 3262
6126 8754
902 8168
3663 5656
6238 3302
1291 1906
2668 964
9574 7668
3161 5303
6857 1093
8648 282
9989 6812
9536 7213
7514 5391
8178 5184
1812 8244
6651 2190
163 5168
5050 9944
3592 5304
4911 4666
8733 6687
4170 5338
9703 9565
6701 5282
6830 1482
6727 7242
5648 6101
4005 2272
5943 3333
4493 5246
3381 6605
6703 8010
4488 4934
2682 5570
3602 8430
7253 8531
6112 6212
2747 7720
7941 9752
9775 3734
6298 6078
68 7812
4732 724
7420 2989
3986 2152
5753 420
2668 7591
892 5294
1709 2657
4650 8338
4152 4358
7660 3516
829 9879
7918 2428
4695 1250
9707 4952
909 7182
6728 3329
1188 7213
9978 9041
8521 8693
4666 8087
1626 9025
4858 9995
6544 6119
6307 1835
5416 7064
1503 4613
1390 6989
1760 3522
2252 3623
2289 5394
1540 6329
9327 8525
8477 6532
6946 3604
555 7180
9284 7766
9867 4589
1405 3983
6032 7544
9121 2111
9755 6290
4912 3044
3193 2004
1129 6101
7940 8717
4513 4171
5006 2957
2019 8777
1853 2229
9713 8068
5818 2631
9361 7070
7049 1037
4917 3716
8153 8397
7927 6413
5491 451
8001 5011
9508 6909
2468 4207
6568 2076
1241 5260
3979 867
5092 6131
4940 6050
2784 6238
1083 887
1944 7606
1770 1069
7095 9920
895 594
6753 4878
8369 3817
8683 6982
2305 3695
6464 1664
8372 9541
2241 5284
2614 4956
2376 5100
4910 1074
4856 3547
607 2747
902 1476
3564 8818
6878 791
2217 3832
3198 4202
5182 9608
8990 3031
8932 5716
1772 7471
7854 3612
1933 1069
1064 8477
6942 2178
5210 2156
3370 7222
3293 5870
4304 3406
5117 538
6659 498
7381 8114
1679 5015
6967 1970
4931 3516
2617 1396
9956 4344
9800 2091
3338 966
2137 5145
1440 6285
2670 9730
2464 2079
2801 2112
2306 3872
3390 5604
3621 4082
6712 2852
1615 1614
8420 5225
7263 6929
2714 9664
8411 5543
1766 8018
6932 2192
5401 4894
3424 9222
3066 9742
7236 1106
3273 1065
7696 9982
8692 6985
1860 9334
866 8491
4611 5611
4198 8343
5148 3078
7928 9055
6591 3016
7430 6309
9104 25
3703 5235
4325 8525
1119 7961
2944 9290
520 3246
6191 5448
306 7644
7706 3453
9899 4783
5325 7814
4932 490
9486 3391
3451 2906
1465 5540
2574 8248
1385 9965
3278 4847
5234 236
6739 7730
1375 9214
5068 2538
3755 5108
5411 5829
1891 6844
1122 3966
9700 9850
7796 3304
5993 6606
5365 9954
1554 1884
5557 9973
5354 3410
3701 7592
4158 2544
5581 5743
1640 3147
393 5112
2724 2100
558 5881
3119 27
5063 5713
4045 3023
5074 5963
9365 2701
8377 9179
5553 625
5558 4083
2979 4529
9676 7593
3282 2468
7628 8783
2691 3587
4944 3901
7182 4027
8752 9950
8988 4371
552 5144
6198 6199
6929 6319
4492 6715
378 8088
2188 6736
3581 9559
1287 8235
2994 820
2955 2474
9667 8551
1369 8607
3064 7598
4701 7178
8457 7298
3737 7611
4626 2348
9247 7377
7352 5922
9056 7142
2447 1795
3957 3801
7453 213
7236 8389
2266 3468
6256 138
782 1961
7901 313
7465 4711
8942 7474
5944 126
1268 1612
2967 2698
7741 5428
7169 5436
1776 7137
9243 9775
60 3222
1628 7483
9150 7368
5757 4615
1456 581
5838 3921
7619 2939
4324 5470
2677 185
4836 2519
53 5314
9140 4130
8507 2095
8838 9351
5019 2519
6222 4950
7591 9873
1941 2281
1316 8479
4768 9010
5118 2236
7569 4625
822 9664
3054 5200
8811 8896
1453 7499
4668 4631
4242 758
4650 5272
1934 4413
7361 6016
5979 1770
5731 4657
6002 9368
8350 6002
2260 3481
9129 3999
9470 1209
5860 4235
2320 4197
4779 8067
8960 1120
9998 9973
754 6455
3325 1405
2582 290
1 4109
8507 6071
2944 8384
6402 9561
1292 1154
9655 918
9053 2067
9742 5575
3451 2563
6993 7867
9884 8255
7095 4856
3114 9852
9260 771
1741 7536
2760 756
4127 2836
7076 1773
5519 4931
7717 5426
6070 5478
2109 5347
1810 2935
4020 3427
5551 4037
8484 1685
7582 7114
5176 9612
5933 958
3230 5793
1711 5434
168 5934
8822 9507
66 2143
7026 4587
1436 3074
7933 9370
4532 7202
5577 7899
38 4077
9350 8253
3806 9207
7827 4606
7768 486
3230 6848
4506 3886
9476 9651
3264 4221
2108 1670
6355 9734
2137 9761
6015 1738
8296 2501
23 8911
7554 4198
4381 2101
3970 2071
6636 6511
9225 8475
1978 5763
7317 1149
1182 6010
2535 2907
3580 7943
814 4800
7234 64
6204 8878
1398 7200
6921 9373
8872 542
1420 6255
7478 1184
2558 8083
8396 9346
8154 53
946 5409
7815 1355
9553 3503
2704 1124
4333 2034
5078 925
3638 4332
3121 718
566 343
9025 2234
453 3377
3354 8641
2859 7894
6645 9346
194 1940
5118 9313
5755 7710
4762 1281
2705 3578
2745 4744
3882 8380
1170 535
7719 7803
219 4872
308 3066
5812 8570
3713 5603
9152 2242
8344 4385
6710 8999
7903 4636
2612 9629
6755 8531
4455 2291
9770 8945
7057 9154
4752 1972
6500 7309
9761 4214
4770 9465
3627 7484
9311 8905
4219 8765
9880 7907
1670 9057
6127 3330
9716 4721
7067 2261
287 7718
5901 4653
1396 4129
4870 8554
5204 7227
720 2319
819 971
5892 2546
3398 8890
1282 6937
4395 8153
9598 6967
2264 7111
5232 4051
6268 1654
6833 7653
5452 6270
8638 9006
9928 5805
5569 293
2658 1489
90 7236
8954 9727
1045 5806
6272 1704
3512 1564
8198 1820
4171 1647
4493 8029
3527 894
5003 9685
9729 8650
3595 9089
6220 9005
5704 4262
6121 7250
8576 8244
4016 4730
4427 8658
4526 8062
8321 2839
7875 8844
9746 1928
9886 1319
7920 3068
3324 4884
2197 2259
2556 8755
2439 7655
3708 2561
3769 4353
266 565
8395 2826
1028 9299
2699 6239
9544 2669
1000 5678
6014 3581
8641 6244
3533 897
5896 2642
6156 8254
4152 7343
1333 5745
8291 372
1575 1601
7719 4535
8671 3923
4861 6191
9056 7941
97 11
1125 4972
8943 4352
9809 5089
9242 1566
5436 7697
1152 5750
8909 3194
2284 5420
7233 7287
4766 3360
7101 5166
6939 9269
9594 2046
3047 705
4034 7946
9591 8865
8180 3291
8889 7832
1333 4114
1973 5078
3022 9994
7466 6773
6631 4221
7474 4903
9639 4306
2006 745
3373 3425
1837 633
2120 9046
5180 5815
3767 17
3111 1508
8076 2139
1291 7006
8369 649
3554 8682
8724 7336
7234 5471
5533 7769
9508 7787
7883 5177
9435 4944
3073 6306
8529 3244
6171 2634
1165 3095
3182 8986
4993 6654
3127 2449
7775 2922
1608 8903
4343 8386
5465 5062
2941 7554
2166 4462
2261 4694
5263 7582
4660 5271
4630 1979
9641 6105
5614 8233
5982 1423
5797 2986
3983 894
2660 6955
5374 2324
6112 6920
1436 4986
5403 7948
3025 7828
1281 2831
7064 8135
5858 2509
9748 97
4934 1268
8298 8133
8812 9028
1389 6266
9172 1044
7313 6497
5122 6453
2007 581
2793 2786
7643 7400
6906 6128
597 7571
5547 9065
2575 9153
3283 6943
9910 5327
689 3512
7480 1276
7615 5293
6216 792
6605 2394
8066 6274
6109 1521
759 2552
6606 8766
7658 2829
4424 8440
1636 4410
9843 4455
7982 5349
7926 3598
6941 171
2606 2106
4832 3019
8998 6039
3623 7845
8162 2995
1425 6717
3920 8895
4546 3119
2015 9301
6223 6953
3460 5129
2815 3191
5752 8299
6067 1063
9537 9093
3075 87
6921 5779
1902 3085
7457 37
9064 8667
2053 9909
7125 5475
7714 168
6681 9530
3576 1512
283 9103
4429 669
492 5934
182 3105
6124 7552
1218 3601
5299 8749
3093 2349
5090 351
2186 9447
9861 8434
5432 721
1866 607
8757 6839
4901 578
3760 7496
7327 3010
5161 8928
3718 594
8749 6590
2059 6992
4812 1591
706 3505
8335 3671
4177 7818
7352 3982
8509 1535
9712 6033
3295 5358
4195 1636
221 5612
1394 3957
2618 1972
3715 2
7929 5085
5516 1003
2966 2382
59 6048
6745 6701
3031 6595
6269 2569
3348 4493
5050 2221
1523 359
2062 4696
7981 2092
9247 3649
6295 5692
2407 1536
1030 7996
856 9281
9155 1700
6281 6649
4527 2141
9761 7588
1371 7105
2287 87
3847 5992
9064 2110
3255 9571
7196 4029
5243 2751
1811 6798
6659 804
567 3362
6752 7467
9973 1896
3059 6961
3407 2877
7904 2439
3326 571
6436 6229
879 5838
7846 8472
328 5651
63 3573
6901 1970
7175 2237
6659 4003
8505 8266
4776 6469
4959 8837
170 6696
1298 9468
4373 4812
1761 3653
3059 6664
5305 430
6940 1379
5457 8498
7454 2765
4123 9230
1765 8180
2704 9910
4471 5932
9790 6256
7664 60
5089 6572
2774 4413
8399 2251
7857 8148
236 6406
8728 5477
2375 7281
6146 3735
4994 6766
8859 3430
6994 7140
2941 8456
4278 957
3684 4070
5850 6276
6181 1155
4253 3905
6707 23
8662 6746
5554 600
2232 6323
886 9376
4484 5542
5395 3873
2034 8230
34 3226
7879 5470
2352 3244
8750 8010
1831 6677
6888 4960
3683 7809
2261 3977
1917 8399
8350 9389
2838 6765
2386 1543
8543 4459
5204 5001
2858 2289
7545 8193
4308 2882
326 442
3281 6133
1919 4025
8596 6870
7582 6405
4219 885
5283 8142
4954 3395
3625 4692
5106 2900
1869 1588
4893 5765
9198 3901
1170 9006
7156 1585
3817 1913
386 3405
1611 9732
4719 3920
8198 2674
4396 6813
9845 4111
3455 1137
205 9598
6110 4137
201 4007
4730 452
3912 6956
2894 829
4042 3442
697 6456
6522 1094
3083 6357
6393 3368
8956 2516
1654 136
6112 8799
6445 2914
6931 3243
5130 3664
1179 8350
4327 8264
4384 8774
9341 9010
7632 1673
2924 2817
8121 1026
2760 2245
6868 4818
631 7924
5756 7531
4938 2068
153 7210
8584 6386
9293 3873
6403 2982
3402 4846
123 4939
1403 6313
2738 4473
2535 8806
1438 9561
4742 828
8069 4837
9644 5989
935 8568
6283 942
4333 501
4475 2743
3 4846
7304 1680
4304 1297
2342 1941
1673 3201
2087 7595
724 2471
5239 3518
1609 7301
8815 1841
1315 8014
3616 4605
5300 5658
1742 4453
3313 8285
6590 7413
6249 1389
5980 4177
9695 8577
1909 4023
4684 2242
4174 4134
1096 3680
5353 9719
9928 9293
8583 3299
5350 9145
9659 6989
5513 7271
6832 9481
3932 9160
8835 5343
5126 6047
4629 9075
1122 8964
8517 4288
7925 3266
6000 9703
2959 6501
2825 4579
4569 4350
9655 198
6885 3038
2945 3895
3684 4348
3849 82
1459 3467
8018 3205
8838 6814
2746 8856
179 6396
4147 9538
1730 1256
4765 1662
39 3623
2020 1337
3680 3467
5213 7991
7394 1993
9126 8434
9841 7438
3048 2658
9301 9413
9954 1690
1194 2544
1939 8133
4431 3163
7901 4578
764 2527
2376 3061
8853 5057
7318 6006
744 1054
7284 9711
4815 4579
7958 2200
3309 4028
8241 3873
5218 1659
4470 687
4945 3014
5695 6167
1899 8137
6678 9517
6954 7126
3432 8827
7720 6928
3750 1080
5718 7892
5427 6996
3930 5885
8573 8067
7985 1888
9420 5205
9915 1481
1444 4320
1474 8604
6273 2597
2159 370
352 3966
4921 4781
1552 7515
4494 8439
7794 7432
9641 3102
8418 8832
8653 5871
248 137
1963 5328
4320 3506
1993 6762
7919 2066
9240 7084
8038 1405
3309 7498
2650 7210
5263 5492
2031 6588
365 4496
1571 6673
6576 1531
7958 452
3508 6009
6968 4624
2096 9157
1194 2486
3778 2234
4754 3211
1727 1540
4760 152
1360 6412
5349 3291
327 6073
8757 3775
57 9735
6637 3601
6685 3594
312 5087
3304 6367
1722 908
6149 3450
146 4652
2402 1742
1689 2493
3234 2997
6180 8643
6228 2
5172 5515
1279 437
2094 6425
6627 5802
2499 9073
3623 6514
9363 592
5628 5205
1630 6084
1254 5927
5335 7171
1260 7278
7838 6471
1734 7248
3442 6362
2499 4557
2261 9377
9185 8968
1336 630
7061 8929
5561 6095
1387 8999
6288 3569
3756 8666
3897 6629
1471 1665
7299 4080
6913 6122
7249 6292
5003 2360
8042 2582
391 7112
1787 7009
6531 7465
6301 3238
4050 5873
4248 7359
118 429
9616 3100
502 5009
5834 3237
4720 7348
2417 1875
1599 7610
7363 1280
8794 9698
1210 4963
8325 2389
6318 5304
892 122
5084 6325
1459 1769
2486 2529
752 4312
6549 7887
3405 9396
2253 809
5239 4404
7940 6284
4600 1429
1152 483
6543 7567
2626 6394
3697 5772
8696 2298
8623 1971
3281 2481
8954 506
6040 1710
9606 6725
775 4706
1369 8819
6319 7982
6168 1357
5741 1191
2390 3270
8045 2424
2817 9921
3119 554
2966 1787
9859 1643
3539 4314
3360 4551
2357 7189
3298 7554
6696 8409
9610 8092
8 977
796 569
8042 3237
5665 3176
7648 865
6667 4793
9498 4571
6571 5943
3808 1602
8835 5054
8964 8996
9507 5847
8655 101
4528 2641
1087 8711
8303 418
682 5364
7828 724
613 7342
3191 4229
437 6059
1672 1674
9381 438
6363 749
117 9982
5654 910
6827 2004
5879 4541
9782 7625
5234 9743
4602 9782
9218 6861
6947 1141
9435 3597
6706 5510
2889 8265
5036 4132
3142 1158
9684 9176
8566 7255
2843 2704
6960 9301
5132 1188
257 9177
2621 6652
5012 661
7148 3909
6043 9098
7744 4274
3785 5257
3640 7119
5598 5709
105 1878
9530 1991
3862 7060
2562 5532
6114 1392
6142 2432
8546 6828
2066 9578
7483 5295
4441 4509
7515 1620
4859 3689
4360 3545
8743 3631
2366 9506
9134 9919
6681 4280
5059 9876
7004 3893
9636 3953
1053 962
7102 5718
446 3838
7721 5825
9328 9208
7623 5001
5836 5704
642 8334
6623 7560
2021 7945
5479 4891
5041 9112
5172 6396
602 1141
5444 7554
5714 6830
6115 1572
1270 340
3382 1873
6887 6401
1638 3150
5610 4128
6670 7783
334 3085
6948 3169
6469 9622
5026 3018
3318 8076
537 2692
2603 6076
3504 595
3150 8950
8629 4559
3467 2664
6155 6495
4290 9486
6892 4228
7946 1265
1898 6349
905 5251
1269 6012
8056 2602
3604 6606
8574 7213
624 2279
1085 4567
2651 7962
6379 4890
6552 2303
6968 1674
3863 960
9479 3690
8963 5347
4617 3025
4384 5435
8633 9963
8782 5031
8340 7989
6448 3658
8236 327
9409 8833
1291 4094
6574 2133
9660 679
6769 9953
891 149
5336 6809
9010 8759
8357 9135
4444 6490
7467 21
2849 9126
7937 1038
796 4459
3805 1839
4929 3073
16 1536
799 9030
2694 4560
150 3831
3766 9317
4985 8644
7449 3502
2734 3667
9167 722
4209 4132
7098 9594
7609 3324
1687 8560
4153 9361
2924 1201
5444 9966
6502 3588
2313 5690
7792 809
1875 4544
7268 1335
7654 5098
9002 6172
8389 4702
5639 305
6107 9468
4348 4387
3232 7899
6281 5494
5463 7364
5155 8695
8302 4081
975 6033
9976 7487
3690 6749
8216 1309
7709 1770
4623 4604
9625 8160
7108 9873
8104 2961
9945 2174
1029 5397
7929 3001
9187 8435
1217 4277
4375 532
226 2306
5776 3185
4230 2943
1115 7639
4855 2163
5564 8284
1218 910
740 7042
6933 1841
8494 9208
6271 3253
6514 7092
5074 6833
7254 1976
1703 5947
1737 7933
1059 4986
6339 4280
3858 8462
3621 1969
481 1127
170 3133
630 1903
7932 8101
2377 4787
9009 3509
9431 465
7026 2226
3569 195
8330 8262
7441 3966
9858 3406
3452 8790
2060 7815
3801 5641
9397 348
4232 6645
1884 246
933 9112
7523 2420
1099 7141
4638 4891
7011 3599
5016 9835
3657 1214
1183 6717
6575 8654
3005 8104
7585 5064
7084 4577
4210 8641
9206 6273
9325 2053
5163 584
9502 2669
6738 1811
2963 6530
2845 4523
1686 184
2447 633
5995 5081
690 8613
2041 88
9846 7563
5438 7300
1198 356
501 6502
9565 4335
4901 3154
4096 4
1659 3728
2225 4559
3516 4189
1776 5873
4108 1610
3086 6901
6978 6764
4513 7906
5530 7509
473 5117
1162 206
213 4537
965 2721
5287 7070
3238 3103
4240 6728
1463 4222
8302 1122
8497 7286
3059 986
5233 9644
1773 5811
3273 6641
9608 4931
1092 4530
6162 1996
4499 4533
2551 6454
616 7004
8872 3054
6906 2674
552 391
8587 1844
7570 7757
5297 8246
1824 5906
5421 1358
3019 7206
3483 7576
4617 4039
1402 2221
6205 5547
9654 9455
6204 7763
1191 159
7191 3547
6954 4289
5367 4807
6938 7491
7562 4440
7717 5774
6622 557
6120 2092
4369 7836
5284 6189
5150 2926
5173 5465
7019 2773
2965 1529
7290 2945
8917 7263
4424 3011
3518 3333
56 754
8374 3704
6555 2376
5066 8254
2299 9150
8076 7852
4674 632
6736 4039
501 2110
7591 1879
4900 1768
256 5998
7793 9773
1993 3958
8433 2914
4918 3077
3137 5105
6171 309
1585 9893
5910 8248
2288 8082
5316 1122
7216 3224
3007 435
9055 1159
9488 7690
7504 3925
1530 6472
3264 6650
9075 2386
2976 9837
7622 6466
1508 2359
230 9805
9411 9423
9918 9483
8972 2592
1674 5686
9274 3262
3202 4034
2239 2111
828 5915
1384 8608
9737 3024
7146 8780
1167 9739
2961 5703
5832 4260
8719 1184
4053 6821
2986 7465
2570 2135
1736 8036
6869 5118
8273 3757
6415 9555
6608 1241
2579 9883
4601 4872
1519 354
9052 5795
8553 3648
483 9423
4711 8207
7950 6531
9967 553
5046 7414
4338 6539
4591 4164
5585 5274
5630 5021
9765 6497
2514 8805
9542 1023
2461 7442
9482 2655
1358 8309
9579 3232
2691 2808
8571 2684
466 6569
1019 3208
1221 7487
2542 856
7999 8054
8622 942
5670 6966
4458 9471
5324 6512
5987 4770
5604 13
8133 4951
8522 4493
2611 6690
63 1982
7263 5272
9655 8107
5765 144
1744 9586
4844 6802
4196 52
494 4830
6669 3318
573 3210
6843 3261
3119 6511
6586 7512
8063 6819
830 8851
6025 2161
3929 2617
84 3128
1858 8779
1391 9757
5967 9919
3486 6212
2973 3436
7575 4965
901 9970
7548 2684
9254 8630
6262 9847
3083 1753
8964 4735
3181 687
4339 742
9238 3721
6030 8341
7501 4554
4282 7542
2912 1185
6935 1920
8554 6782
1456 8769
5432 6333
5960 9452
2299 6959
5113 5925
4329 5354
4195 8438
5652 5411
8319 2745
8065 2241
3316 7689
6042 1098
8880 7252
6608 8677
457 5197
8689 2943
7234 4682
9435 6127
3528 8931
4240 7772
5986 4490
5123 4048
1833 4204
5789 1562
8312 3630
8317 8314
3479 8705
9732 8801
4644 4556
6052 356
6001 7307
3025 2027
8434 6584
7855 3447
2790 7552
5116 2800
4237 8798
2599 7350
443 2764
8486 7216
9459 3987
317 8588
2762 8644
3556 7995
649 8725
8793 1230
3356 2202
7115 5240
5996 7309
4835 4900
3744 4575
2697 88
6603 2449
9862 7467
6055 9260
8851 1395
179 1463
8677 9039
1787 1818
5003 8723
8242 1917
8582 5230
3527 5041
1299 7292
6684 3773
1158 3132
7035 7312
9100 8087
4439 7506
3597 6383
2542 2364
8847 3674
4459 771
2514 8083
2411 5692
2547 7351
5659 9599
2143 5863
1324 1411
7044 7542
8399 3005
8402 555
9204 2536
7974 3867
1153 1015
589 5052
736 2952
5125 5911
4746 2443
7330 697
1284 9374
3973 8900
2532 2770
9733 4418
9047 4883
5119 1618
1789 3228
8805 9657
3658 3120
4816 2378
8404 7484
7260 4381
9360 7656
1468 742
5930 7222
2276 9436
651 4872
398 8938
1280 5048
1097 1890
3501 2964
4262 4466
575 3
2225 6016
3167 81
8776 745
5331 9849
7595 3153
3776 9289
8401 5147
6636 9090
9937 1366
2582 7186
9244 7288
7373 5490
3599 5277
4350 4278
3509 8924
7501 7098
4986 7589
5818 4721
6911 7966
6754 4632
2170 718
7957 8027
2005 8203
4874 9617
8672 973
3819 6283
2665 4538
1225 9377
165 4643
4174 2392
5902 4378
10000 4324
8426 5070
465 1714
3164 4479
7618 3168
5819 3121
5820 7358
4116 3164
8596 9672
8812 6836
372 2630
6611 1222
7694 5303
1064 6566
1308 3183
6359 6071
5645 6679
6124 3307
7862 225
628 4006
3027 9247
8268 6764
7595 7240
7625 4572
7492 6105
2798 7332
4288 5571
8369 422
4356 4602
9966 5620
1614 4174
5786 3565
2259 9979
9532 1194
7125 8413
751 7691
505 7528
6600 943
7086 7998
5024 4421
7544 5546
2557 2907
5840 3409
9364 4758
2231 9834
6579 4394
3035 1073
1065 6619
5267 407
1909 1490
6835 454
2732 1215
1238 4389
2254 8573
3646 2887
4886 4681
6768 8982
5387 8600
437 1882
9590 2208
1724 5593
5993 6111
7413 8299
116 9947
7558 1789
7325 3084
5144 7607
8661 3909
4631 9428
837 1095
3855 8087
9939 5269
3433 5919
9413 5027
1450 3100
6909 4004
73 2034
552 6830
264 9869
4237 8032
4243 8724
459 34
4494 1557
9457 834
7946 2252
3207 3850
5712 5804
5448 9435
9032 4233
4366 1452
7986 2138
3273 2664
8313 8772
1686 2327
3104 6924
6353 4062
1484 5208
5746 4958
9222 420
6949 5857
8386 9543
9878 4347
6398 8133
4711 2274
3717 3527
5796 457
7895 2124
3647 5351
3730 495
8711 2593
6548 2714
5642 4332
3956 2745
9164 46
695 9825
3646 3157
8298 2814
1443 6091
4642 3505
3971 3420
8094 4114
8815 2035
3438 433
1983 7662
5941 6621
7153 3753
3811 8862
1832 5421
5916 4789
6951 7
7704 556
5696 5827
8601 5568
1232 4172
5920 1595
3316 5844
8963 3347
6685 9438
2002 8566
7034 1953
6418 8749
9896 5188
218 127
1969 9433
4471 2534
9594 4831
1869 7984
7514 9096
9551 1570
2205 734
5144 9191
1211 4095
7922 6693
2456 1873
4911 161
7165 462
7809 1974
9147 4597
6750 1669
1520 2739
1007 895
6535 4517
4447 2368
3783 8555
9058 492
5384 605
1580 5154
6763 1497
8990 3423
6782 4479
6811 8794
8832 8311
4344 3465
142 8594
8792 8625
469 9488
2292 1173
7133 8810
6944 8953
4878 6973
3290 6769
8538 6588
1011 7140
3022 9489
1978 8567
3274 1984
7256 839
293 8077
4238 63
5504 1742
3092 2355
8582 549
5707 3298
4915 4882
6701 8108
5245 3525
7942 2300
2701 7467
3144 9679
5431 1694
2604 8433
8875 7553
320 1080
669 4361
6625 3147
2134 2205
9073 170
792 5770
2989 5711
4569 7162
2406 8723
5335 3342
8116 6944
1822 2558
5109 7271
8582 5344
1213 8054
9501 8076
9726 1384
6282 7694
2471 6400
9026 8644
8139 8331
2942 8361
7326 3452
2013 3247
872 7394
7597 8254
2733 2099
4946 6401
760 6103
9912 7374
6780 2062
4974 662
5827 3107
3162 9032
388 4332
913 9083
1562 3183
8442 2169
8987 3897
2376 4643
1719 3941
4637 2676
4072 2838
7963 7650
9856 8873
3424 3320
5260 959
6170 2084
2393 2049
7203 8903
8845 1159
4491 4941
5553 4522
5430 212
7873 3588
7399 9227
7507 7259
9799 3327
6716 3374
58 8544
1246 7885
8027 8495
6292 2059
8811 1152
9956 4465
2836 3689
8002 4737
1997 1842
8419 768
7059 3601
6037 1581
924 8366
8039 1852
7250 3151
1646 7243
1018 8982
8272 4702
1714 7333
2724 2588
8307 6386
2570 788
2899 3052
8216 9098
753 3695
4053 8031
9459 3992
3269 8659
9467 648
4227 9441
419 6106
8806 122
8190 6037
2478 8068
5661 5367
1981 9224
5577 5914
2417 635
6914 5719
5043 6350
5247 1971
3752 4287
9456 833
8113 7962
9783 7688
8208 7916
918 7323
8203 6414
4781 6597
5558 2819
3472 3244
3562 3044
5977 6203
1123 7244
2288 8525
4179 5352
9379 1694
6756 7486
3753 2827
1339 3735
9859 1385
5606 4342
8039 5609
8098 3476
7805 216
6681 9343
4948 1071
4542 1159
7209 845
3079 2813
7235 2203
5126 1202
5135 5329
844 8450
9850 8419
3351 2725
7782 763
1339 7872
209 8689
4246 2296
690 7218
7243 9524
4089 5477
4318 3997
5260 5112
1579 3034
715 9300
9437 8832
6314 5400
2014 3359
9762 603
1539 1616
1 977
1523 2814
1038 6919
9650 5640
7829 5743
5649 7291
9388 1496
2075 5398
577 509
6359 3002
3007 3328
7188 3392
6098 4181
6400 50
3675 829
3712 791
412 7652
7757 8789
7502 5757
1967 9820
9808 6661
4615 5867
3909 6778
4982 3045
1871 4948
3434 9557
186 8831
6668 9547
2502 4817
6897 8212
9991 8130
8884 7005
6072 5601
6787 2539
7636 8639
2021 1846
3610 3543
8917 5648
1866 8558
3346 1399
7076 8594
8317 3823
8392 8492
8642 4451
2615 488
6330 3736
6088 6116
6965 5342
1809 6277
7373 4112
8341 3105
2708 9962
7831 8027
5511 696
9437 9544
3243 3277
4937 3019
2189 4692
3216 5139
2764 4253
3969 6050
1475 2108
9634 8498
9965 195
6304 5665
7693 2333
3987 2545
7956 2649
7618 2424
8099 1343
3227 9450
124 8779
3585 6256
2515 9417
1968 7988
816 55
7002 611
9886 1124
8194 5526
6350 479
5463 4427
5727 4405
7108 811
6345 8338
3941 1164
299 6676
2048 9654
5472 6971
7504 7948
4196 3326
2084 1213
4911 6667
7562 555
3710 1026
5697 6897
7125 5611
8361 5497
8512 7477
8132 5024
6678 8858
2767 9570
5668 8526
8471 9426
8122 9167
2876 9218
2741 590
8252 1292
8190 2318
2034 7478
9515 4468
1316 3493
6389 7292
2468 5485
4767 8212
2305 1580
996 7012
5224 5559
1045 2878
7729 1367
5958 7422
7822 1656
3259 5375
6741 3883
1545 6171
5618 7330
684 927
9881 6754
6108 9797
6448 340
6688 118
4072 8657
3106 9049
7432 257
900 1795
7249 7127
7587 2450
2790 3100
2242 2733
9710 6190
5355 6320
9149 5266
9560 4560
2123 9965
8786 2730
4286 6466
648 5574
3020 1381
3521 6717
4874 119
3646 9840
6240 2466
1381 5358
4672 1626
6926 3498
2195 1549
6831 6887
3514 75
1194 7861
7105 1498
9820 7969
2918 574
909 7392
4651 9648
5543 8768
5234 5349
549 4916
4060 9115
9535 2872
2408 5146
2039 6466
8090 4353
2855 2396
3263 4890
2754 1756
681 9895
5899 3385
8055 7952
5211 3022
3939 9286
6021 4547
1127 9971
7957 43
1202 5607
4840 8509
6332 389
1172 8700
8855 1084
4525 3514
1198 6306
4480 7015
9746 2683
641 1881
1899 6598
7067 7328
4518 3502
4985 7050
5103 8739
6361 8304
8221 3470
6314 9300
2495 4721
1548 4461
449 9784
1585 3491
3322 6580
1811 7328
8070 1368
1395 3965
8688 3258
5916 3828
5600 1236
2347 5906
8154 3606
8725 6203
4561 8971
3372 7397
2898 1688
5577 6081
8925 1860
2194 493
9067 7985
7657 2299
2019 6203
5410 367
3731 677
7695 657
5665 5570
6359 3422
7493 3099
1948 2436
6481 8423
8460 2420
9472 4210
7354 6262
7575 9414
3452 7439
5601 2612
5972 1204
1719 2185
6020 3172
127 9348
7965 7644
5646 7338
8947 6784
7432 2570
9344 9402
5076 69
3836 6661
9724 4386
957 6953
279 5605
9101 4301
7259 9133
1229 1412
7583 2466
2516 1628
3420 6120
4286 8957
658 6359
1307 8556
5445 6536
9861 5645
135 2215
3225 8365
5063 2054
5015 998
3233 901
2027 4715
5993 6772
4674 1539
2376 4123
8741 8487
4983 1276
5461 4533
4090 3572
8698 4326
1475 4667
7160 7074
4931 4667
9641 1687
7033 4541
5537 2819
7242 1407
9914 2299
953 8008
1370 9812
8898 8685
1407 9404
1196 8017
9454 6226
8763 6836
5474 7578
2608 2141
7320 194
870 117
3764 6000
4164 94
8165 3297
9095 4103
8594 621
7382 8756
1308 1575
3448 5761
1548 1425
3497 690
3421 3417
4205 2250
7407 6000
1576 5897
1354 6547
5737 1024
4686 6948
5119 4902
1229 4985
1036 8809
9968 1531
2236 2115
9897 1834
8697 3657
6239 3823
1004 1411
3613 3528
9451 144
7423 378
603 6845
2212 3869
9012 2094
4687 9635
9712 2241
8328 9061
4489 4064
3824 4380
5766 9721
6572 2045
2912 9346
7321 9630
6532 7892
7562 850
473 2045
1188 2121
8756 5786
652 4757
4028 114
4159 8450
653 7594
9946 5894
4730 3259
2564 7160
3356 2392
347 1963
7505 9466
2073 9480
9745 6797
3903 8804
5977 8340
9548 7715
6902 9158
3979 9045
5269 6823
6601 2710
3110 3649
6689 6197
6416 2295
8712 2442
8055 8406
6663 9604
5136 8235
6115 1699
1630 7390
1582 497
8336 3887
2175 8934
4281 8712
6749 8103
9820 7716
72 6745
1397 5131
103 6071
3914 8779
4258 7693
1391 8506
9623 4598
2272 2776
7170 87
4587 4564
4807 7896
3562 2594
2266 4296
974 5534
3329 464
3924 6159
5582 9664
6079 6910
7349 2314
5501 1728
8797 7968
4052 6103
4174 1262
2994 2933
9014 790
5511 7921
1472 1813
564 4134
6228 2398
4386 8625
6944 5653
5808 8554
6595 7658
1879 5929
3419 8683
3505 3052
548 8311
4800 8689
9395 9259
3126 7272
5108 2548
5232 3826
1079 9683
2973 2775
1738 2259
1995 5955
3337 3763
4822 3182
8675 9138
916 539
5521 1475
2076 5128
342 282
4084 3592
962 4177
4461 7337
5775 7300
6608 9232
6931 452
4498 5529
4185 7301
6739 7700
682 9656
7849 6863
1099 4420
1797 9910
8527 403
1223 12
5414 2846
2421 3117
6945 9284
4915 9414
3774 7033
5581 3749
7856 5121
4951 5244
2580 1635
2989 8960
3901 979
5524 3968
9998 4890
1439 3928
6555 1865
8186 6336
7406 4759
6661 3984
1568 1766
2867 2635
2325 5337
6681 3169
1941 2024
9149 9663
6828 6563
6012 8112
8070 2271
4042 1279
3068 848
9347 2175
3707 3872
6456 6880
7251 4511
7784 8008
9675 8517
8349 9647
586 8276
4272 226
2548 4414
8675 440
3327 4694
7292 3164
4321 2043
8651 3209
8678 3649
85 5842
4269 9729
5905 7996
9064 6051
6648 3304
4145 4872
4470 6899
6022 4438
6394 4469
228 5839
1358 614
6837 9143
7029 30
6391 752
861 520
6301 1972
3024 7715
9948 7300
8051 7184
5729 5098
4993 2977
6290 4506
6635 194
624 1295
3968 1025
392 187
3374 8364
3543 7999
7913 2107
3397 7404
2554 1100
8607 2118
4 6337
2120 4255
434 7183
5779 3605
4699 720
8167 8420
3609 2854
7132 1104
9852 4606
8582 5680
3000 8496
7584 7122
4213 4625
8364 1539
9938 6891
7830 4932
5746 5845
9574 8095
1898 1586
9604 789
1189 5513
9600 4605
132 9397
9897 3544
3977 896
1859 3426
3929 114
1150 6185
8348 5562
6246 7247
2574 6671
3101 928
6873 2914
173 1712
7129 9616
9177 3112
5103 6122
3349 9704
209 7633
9704 9195
620 705
3057 165
3082 7821
6724 9729
8435 737
3449 1914
7194 5464
3770 1426
4879 2381
5422 2753
7462 7102
6567 7330
4991 2087
9454 254
9481 1481
3010 2159
3503 365
9353 9086
7575 332
3471 4440
8560 931
6500 8212
5700 933
4508 3443
7582 8100
3920 779
9123 7
7574 2034
2134 1059
6225 2130
2945 3319
7891 59
3709 2106
6631 5003
3288 4896
1333 2947
1537 7186
2484 5348
6308 8055
4162 3551
5289 7443
7598 612
1711 9191
3064 7079
2497 8521
7022 5391
7407 9768
558 8460
365 2432
9897 7175
2914 2294
7055 8594
6649 5744
6018 4372
3419 4564
8181 1198
4617 6948
9400 6394
8590 218
1626 8561
9676 6038
6424 2971
6598 6840
7562 5104
7378 9705
8653 3437
4952 6390
7360 633
3724 4389
2555 7951
2541 3249
2459 6252
7180 2190
7062 5816
5737 7801
7442 843
8622 1759
2816 9315
4338 1944
5914 7328
4027 9279
5577 3355
6917 7847
9489 7593
3968 39
4358 8682
585 7112
5039 252
1447 639
6741 6855
9369 2059
4422 9179
1855 7182
5034 3347
8117 9980
9977 3574
7555 8154
5393 814
1486 8012
1440 2010
1427 4894
5237 6860
6169 2133
367 5583
9112 4175
9239 8584
1175 5667
3491 4989
1539 9667
6184 3658
2222 5645
7861 5374
9530 133
3861 3426
4904 3173
8898 4694
6234 7261
2681 3191
883 4766
3447 5159
5844 4970
1661 2003
2830 360
6305 4185
1847 3993
934 4237
678 2461
2418 3511
6400 7872
7572 5298
1835 843
2737 5896
3819 8854
1659 3767
5555 7833
9115 4878
3740 5095
8491 5194
8000 8053
4738 3532
7501 5609
8885 332
3623 4480
3158 5891
7548 6884
8450 1955
2048 8174
4118 2507
1411 3571
6750 9858
638 1281
7538 4542
8059 1998
7125 6572
2048 6183
4559 474
3594 3341
9334 2708
5595 5055
9155 673
2172 3297
9737 7626
6561 8930
2679 9378
3953 604
267 6132
9444 2282
849 9864
8822 9748
4880 9373
3065 5873
6200 593
7623 3930
9795 621
3329 8223
927 6723
2842 4669
5523 7423
4263 3052
7689 4835
2485 6461
840 6132
3757 6462
8021 1518
1414 3108
1097 7784
8409 914
9558 988
7242 2142
1657 6254
8850 6174
3599 1731
9351 9248
4188 6904
8309 7161
1423 7272
7909 6498
5968 8421
2203 9077
3349 5838
2369 4487
6173 6128
3849 1769
7734 2878
3209 4580
3459 5166
2638 1291
8527 250
9534 1447
2996 8461
6938 5537
7600 1030
1386 9202
5340 1146
5798 3992
4061 2881
3916 1725
3942 7553
327 8819
9183 6054
8646 9721
5374 992
9969 9721
7149 999
3286 9074
7166 6222
6977 1711
202 6284
2366 6677
3502 103
8700 8565
8122 7331
2137 612
2965 8540
6720 7999
8726 8115
9182 8637
7428 1961
9014 2918
4244 5028
337 9779
8904 1819
651 2625
3619 7030
3582 8370
5010 5439
6727 6626
7561 2345
6047 2297
7914 3830
8579 48
4328 8211
3112 5605
9276 9139
3923 3086
76 7635
7161 3661
9554 9786
6723 9614
190 4755
7648 9206
909 4028
6344 1475
6819 5607
6035 6702
1799 85
269 8204
2337 1390
6657 5807
3907 5827
4658 4828
765 1385
2822 638
5093 5697
6599 8843
8709 1459
179 4945
2905 4284
3626 5511
9489 516
9847 8839
2715 1000
3442 2868
9536 1592
2300 2432
6328 2520
442 3131
470 3973
3890 7869
6140 314
5656 7600
4738 1785
5091 6739
6655 5934
238 9781
6221 864
6483 2303
9353 4487
1450 5195
6238 8805
4669 8631
8835 1045
9195 4931
2845 3485
2627 4700
4167 4818
2598 6613
4519 3053
1135 8728
1745 5392
9532 9174
8402 2045
1409 3813
8640 7836
3062 870
3083 764
5142 8554
4175 3003
7886 4613
3078 7443
2196 5135
1428 1737
8600 9622
1710 8065
2461 15
2785 7168
2558 2949
8604 3840
805 654
6044 2482
7299 3473
1323 4871
6982 9539
3372 4944
2898 8255
1040 9195
8262 680
3008 4915
1389 7243
1902 2647
7254 1418
7663 2207
1322 2434
8704 2661
6418 1940
1620 3008
4775 4043
8205 1938
5003 800
4535 6089
1813 6569
3008 5942
4004 1208
1076 669
3738 3971
8162 2259
5030 9843
7230 5577
4097 2124
9319 7874
5850 9824
7842 1838
9791 540
1401 3198
9840 1850
1095 3905
9109 8813
7932 8706
6372 9444
7648 8390
7811 3727
3274 8125
1347 7958
2614 4809
4449 418
6720 1558
268 6702
3753 6572
7832 8213
4185 8639
5931 4008
8808 8751
6812 1397
5967 5760
4523 5073
3444 1808
2560 329
7754 3496
8191 8105
7966 6401
907 9798
2066 7636
8588 8003
579 8367
9877 3409
9343 101
2653 2072
3717 6801
2408 5092
9481 3951
3787 5856
5309 5808
1767 856
7869 7000
2717 9123
7711 458
6813 6435
7037 9968
7844 8243
7285 9576
3256 8722
7112 1064
2296 9497
7268 898
1298 8804
3700 6731
7894 7704
179 8690
4212 990
8623 6782
2854 7319
9652 2072
5016 6624
9978 6356
4929 8026
3575 9459
6950 8969
7137 1972
9671 773
6665 6367
1513 351
9019 2933
5789 1093
7891 6906
8739 8835
5229 9940
1082 3565
5059 3967
5808 5111
6288 4755
963 9654
5851 9850
7312 6854
5340 3342
9308 5754
850 1209
6138 3699
2197 2144
7285 4534
2030 5217
3309 2154
6512 9140
2687 7963
4131 2464
6054 2070
2772 821
3722 3378
8736 1812
9141 5331
4045 3518
4167 3915
5233 8821
4185 9176
7540 7059
3413 7332
4321 4663
7030 1813
7268 82
7651 4593
8957 7939
7363 9686
6131 6720
8109 3933
6528 6333
6383 668
5442 1272
1695 7320
2950 6490
803 181
2138 203
7744 2572
1240 6542
1064 6463
4858 1624
3259 1515
7684 9395
3156 7661
4575 9720
1190 7269
4271 468
3694 6376
8819 9018
7732 9091
790 3148
855 9958
8828 3427
158 7541
3751 3069
3662 385
1735 9684
6807 8646
7698 5348
7686 8782
5571 3985
7205 6670
25 3538
6089 934
4292 5513
2915 7197
5372 4784
2350 6587
158 6882
179 8018
4669 87
5547 633
7166 1884
4299 5774
9808 2336
7674 7693
6133 9889
4758 5827
8208 4911
5825 1244
3434 7267
5865 5163
1076 1643
6742 2935
2925 7880
7586 7166
1749 8219
681 6976
9228 305
7728 86
6693 8963
5496 1462
3174 374
9016 8940
8301 3354
8068 292
2794 2664
6815 931
7881 8790
7837 4925
7044 5159
6556 8525
3605 25
2982 5680
4621 6343
2730 707
3892 3272
9597 4344
3527 2882
8077 9711
9195 8810
2781 5311
2657 2663
6134 6479
5541 1462
6416 3695
1232 2124
5587 1899
4528 4621
3627 6016
6912 5077
3415 5891
9859 2445
8033 2047
1027 5981
1242 4960
3733 6855
5938 7767
4797 718
3237 3111
7212 4979
6940 254
7149 4103
1372 7769
756 8504
9182 8911
447 7172
3170 6921
378 1898
5329 2706
4724 6607
6753 3167
4796 8964
8371 2551
9597 2918
4665 1169
1063 2487
9774 2729
6122 9648
3146 3386
2083 6538
9050 5886
6666 5505
1084 7759
5702 9407
5964 4339
9845 3112
300 6517
2388 4306
3006 598
3597 1058
1275 5759
8218 7576
4467 2276
2081 4207
572 5108
79 9852
126 4896
9490 2165
1416 659
1294 2486
7732 6146
9705 1939
4354 777
7663 5612
3173 4024
1305 5915
5995 2021
9878 5600
1684 234
6604 3095
9183 9173
398 2650
9989 1490
3813 4578
205 823
471 495
1778 322
9745 1225
4060 6757
8815 4534
1185 6785
9188 8788
3781 9572
8729 1280
7348 2049
2657 7679
1667 759
7422 2161
1432 6355
8877 7385
9833 533
2788 7970
7172 5560
1187 7302
936 6771
4994 4251
7613 6229
4877 5222
4218 4652
1953 3185
4256 1647
6305 6933
8238 4216
1024 8111
6244 8135
812 6279
1556 7417
7085 3421
6688 1604
180 1038
6666 5583
1066 925
3196 4112
4684 2801
7023 1756
6057 5939
185 8300
2623 2337
9999 168
7258 7890
8256 1460
1529 4325
1000 810
964 9983
7253 8086
7734 5058
7214 5070
4346 8404
5325 4357
2603 9722
3860 2131
6578 9333
6428 7328
3828 884
6941 1573
4721 8523
6968 7909
554 3416
3029 9386
9362 9631
6033 8604
8950 6233
4431 5104
692 4488
458 3464
7389 9673
3772 3136
8492 6037
8622 9233
425 7577
1773 5884
5551 1534
8812 6843
8195 9727
4643 8407
5366 5100
2525 9086
8252 5779
9547 3239
7561 5087
9790 7537
3591 15
7467 4106
3219 5446
1647 3332
3660 5996
1478 9694
8738 8095
885 9085
5430 5877
5154 9977
4414 8426
4489 443
1253 2771
9387 5295
4236 5594
1342 9798
3586 6262
6123 2596
6452 4794
5332 7556
7454 8650
9105 4869
3248 2654
1910 417
5277 3651
945 7311
4934 3262
4691 9383
9360 5388
2910 9642
2334 9399
5618 4565
3639 9454
1109 436
6436 2051
4977 3461
2601 9751
21 6840
4848 6051
219 6010
5223 989
528 8066
3862 7504
449 5964
9489 6775
8195 6873
8433 1034
8270 633
5160 2524
7489 3862
315 6266
5000 4953
9728 7361
5367 7057
7851 4136
4642 6339
5998 7710
4514 7357
8632 1174
5843 9476
8895 408
824 8063
9389 7975
8475 3592
4304 5139
6294 1344
7533 1957
7640 4918
6073 8319
8895 1784
6994 1968
8439 3199
7857 9081
7757 7018
9725 875
347 1275
992 2776
4994 3983
2968 8108
3417 1650
842 4205
9763 162
6049 1478
8885 4952
7434 8243
9966 1869
828 956
2304 6250
4770 8775
3053 1994
1651 413
9009 3796
6310 8572
2084 9957
7997 9082
873 1839
7289 6457
2025 7168
4682 2009
9960 9874
169 7265
3542 1799
6746 2762
9360 1048
2065 4954
7907 1061
1448 155
8028 1284
248 9477
4758 5606
8308 4027
5474 8167
2676 304
1206 8645
9514 6408
3292 4341
9602 6898
7947 2248
7638 1286
2658 5412
3616 39
5250 5360
1625 2174
9196 2692
598 9801
2343 1268
7224 597
7950 5479
1862 4332
1449 1225
4393 3653
2288 9433
6310 3591
2925 156
3000 3502
750 2029
3018 17
602 1459
6654 4427
7344 7003
821 324
8794 9153
8658 9405
7814 5371
303 2986
977 1803
327 1900
9481 3858
4194 6335
1232 7525
6113 6126
8106 5689
1692 6933
6039 9381
1417 4405
4570 1350
6964 5495
2827 5152
189 6902
3531 2171
3628 1559
7753 8960
4051 6577
6547 467
7956 4279
4357 642
3341 7959
6084 4843
3701 4128
6895 6315
6155 2623
4286 1090
3721 8391
3999 9662
8205 9232
482 9221
2331 6857
2145 177
4213 3377
6067 4316
6489 6694
1560 5330
3806 1281
1048 3697
3703 203
4626 9884
8659 8493
1900 8193
4897 9238
8968 2388
1697 7145
7235 2756
3863 1214
3441 8329
8793 9414
1653 814
4845 4043
799 9489
1347 230
7881 2032
2809 5743
3224 8023
135 7205
1157 3380
4248 9576
840 2915
2724 1163
495 1353
2167 9524
4707 2967
8648 9474
9951 9827
9333 2960
4033 2100
6810 9944
228 2449
4365 2182
1563 5025
1537 5269
315 6156
8300 9192
3210 7831
8044 8881
3566 1464
1405 9357
121 7783
2932 3362
8272 2177
7110 8816
4005 8007
9649 4051
4712 1248
864 1773
8837 4499
5530 2159
6530 3181
9573 3523
5157 871
8527 9747
486 6608
5916 1001
1783 5493
8189 6359
1754 7595
8921 2950
3691 679
7588 8232
7528 9437
2690 348
4320 3235
6412 2677
2677 6647
1775 3564
4823 5846
5057 1957
3654 1022
4321 1150
5795 1923
3623 6525
1320 4432
6864 1144
437 6446
3962 5938
9981 6006
3917 6375
6103 7969
9497 8623
8772 4927
3844 2756
1310 9728
3286 1360
6824 8117
5274 655
377 5049
5571 8035
3344 6137
7705 2902
1443 3932
8797 2959
5031 6031
8807 6648
3792 315
3705 1566
3932 4284
2330 1276
7517 8267
9303 5717
3915 461
4065 3347
8542 1485
3368 4124
7108 5152
4848 1185
4133 9827
7128 7817
3626 5344
4400 8116
3403 1041
5650 8055
1205 9814
7525 7201
461 4410
9132 5799
2414 9513
8348 507
9804 492
331 5282
1446 7393
9550 5154
1857 1842
286 2850
2461 3408
5788 3737
5114 5300
972 6619
4568 2521
2011 3588
6455 7055
1470 5354
3629 29
1940 1346
6590 6065
498 7546
6772 2650
2310 9768
8173 5821
5652 2877
8937 1858
5831 7600
3156 1713
4227 3167
1246 5250
4985 4282
8359 8869
9994 2380
3145 7370
4981 1750
2317 4795
6043 4439
4021 4507
3378 6508
2018 5944
8286 5873
645 5993
3440 9372
460 813
6804 5761
2652 2643
2147 4708
7265 4497
1412 4712
5703 9384
5691 7469
2254 5767
3424 8285
7953 4246
6607 677
6981 9357
3714 9683
8579 5932
1229 736
3250 7500
3911 939
275 7602
3257 3845
2656 6014
2359 6689
7445 3155
4567 4853
163 193
7053 4373
1892 124
2288 7656
7333 7374
5125 2202
3353 4053
4020 2524
5659 9036
1148 8025
9027 8800
1258 4220
899 9516
7086 8475
9739 2752
8714 2631
2084 2001
3066 2655
7523 268
7420 3363
7677 1428
454 9874
5121 7348
2473 8618
171 9278
238 9645
7011 4133
7497 9060
9329 8361
6653 9627
7966 2641
5529 2170
1235 3947
3740 2602
4000 6047
6140 818
2193 3904
2201 6116
9726 1806
2243 9004
5312 5739
911 7763
915 535
2442 625
1751 5109
9020 4510
2251 1864
3523 7206
2975 6315
2247 1517
6580 6701
4631 8850
8842 2509
3067 8701
2497 4126
233 2787
6322 7282
2855 8256
8768 9549
8041 4740
4329 6020
3085 7147
1434 2337
6585 6795
3374 7416
2094 7314
690 4723
8550 1083
9295 4825
9886 3777
7885 3077
6847 7314
5620 3283
5321 1312
8399 8133
6072 8502
2590 5627
3005 5171
4639 4340
9563 384
6408 230
8914 5096
6083 1818
389 5581
1025 5705
5827 9216
5459 9032
531 7606
2947 9477
8205 2302
3606 482
8825 8996
7901 131
4614 8689
9446 4947
3943 241
3223 4722
1450 4046
3750 9351
5499 9210
5324 4686
945 9368
121 9064
5927 1887
3420 5048
6234 1585
2558 6920
3358 4659
1578 9384
8047 3689
8372 7188
42 8061
4739 394
2544 6711
9876 8614
2363 8806
6231 9788
6926 7612
7641 8276
2777 4040
2450 9886
4572 2752
3689 9459
6419 471
612 9369
4193 3125
4967 4833
8452 1778
4463 9235
5537 4853
2854 180
3634 5480
8376 7564
181 33
1916 8587
1114 8362
58 6794
8206 9091
5630 6816
538 1328
4188 975
6300 8277
1777 2173
9230 163
6827 8234
875 9189
4918 9760
101 8010
6215 7213
1958 4318
3267 3295
4191 2504
5605 4777
621 3194
3131 6434
2073 9271
1159 302
9727 9899
1992 3744
2455 5268
7256 2838
1843 1571
2847 8170
1821 3098
9322 9714
4235 6243
6334 2075
7637 1319
3329 994
4802 8
9405 6460
3406 9082
2533 6124
5913 348
8904 9297
4963 8236
482 1048
7901 2030
2382 1537
2413 375
9955 4510
7229 9373
835 3987
7395 4738
7653 9517
2317 6574
3955 4584
2182 8388
2521 3421
7817 8610
4135 6840
5557 7588
7016 1907
400 7907
8929 6144
6390 4623
1830 7507
5963 2652
9476 6739
972 9016
558 1078
4614 7707
8172 5932
9364 1444
667 5588
7897 5072
1334 3704
2824 4151
793 4300
8687 9876
6404 9035
1277 3695
9601 1660
6999 1470
5929 3954
5058 8405
2807 9602
9623 7383
1818 4076
865 1673
581 734
6944 5865
7649 8792
4392 6043
3261 8263
8866 1750
8537 469
3158 8852
9407 9209
1819 4735
2825 1116
1602 8950
3977 3380
6932 1229
8074 2213
3164 7563
9177 7806
6734 8124
3808 1997
512 3944
9533 2101
911 6814
9098 3370
506 6002
1060 3560
9259 7596
2399 1436
6873 2585
1347 2688
7949 6000
8587 2391
9864 1141
9506 5683
8057 5301
7076 7910
5584 9479
1058 2984
8185 5245
9192 3727
7203 1474
9656 6455
47 893
7835 705
7838 3660
8 1300
5409 770
7222 4694
2514 5190
2962 2591
1041 4169
1589 7962
1448 9395
2961 5392
5132 7020
2265 9254
5190 3769
494 7956
5918 7277
96 1422
6446 205
8543 4635
5232 2402
3311 2550
91 7545
4204 3437
2699 9460
4060 2976
7013 4155
9574 7657
6405 7427
669 2057
289 5471
7427 6005
6277 1330
5792 5166
5807 962
373 7995
7660 4044
2958 190
7235 5052
8434 32
4265 9145
4302 7013
8956 4171
509 9152
3038 9154
4406 4534
1858 5871
9562 4277
5490 4606
6657 99
7729 1598
9681 5599
6677 1943
3392 5231
9008 2370
9306 6738
669 7273
5490 8833
2643 1293
4576 7547
9414 5454
